elora1983								
1	1.5	-5.3	0	5.75	4.785	85.56
2	-1.2	-3.4	0	3.71	5.536	85.24	
3	-2.4	-6.5	0	3.92	5.762	81.79	
4	-0.9	-12	0	3.78	6.084	83.88	
5	0	-4.7	0	3.76	5.784	94.14	
6	1.6	-4.8	0.4	2.36	5.702	86.88	
7	0.3	-1.5	0.02	7.98	5.408	89.02	
8	-3.4	-6.2	0	2.67	5.322	82.42	
9	1.5	-11.1	0.04	3.55	5.976	89.05	
10	4.5	-3.2	1.48	5.04	6.112	97.49		
11	1.4	0.5	0.12	5.73	5.794	93.6		
12	-8.5	-12	0	5.13	4.602	73.98		
13	-3.1	-12.9	0	2	5.264	83.38		
14	-1	-3.9	0.42	3.83	7.468	93.19		
15	-5.8	-6.9	0.08	5.03	6.82	91.67		
16	-9.5	-12.6	0	4.48	6.012	82.97		
17	-10.8	-18	0	4.58	6.674	78.86		
18	-13.4	-16.5	0	5.81	6.358	74.35		
19	-10.9	-17.5	0	4.7	4.422	79.98		
20	-5.9	-21.1	0	2.22	5.442	74.95		
21	-1.9	-16.8	0	3.32	6.702	83.33		
22	-0.2	-6.8	0.06	4.32	7.36	86.5		
23	1.3	-1.9	0.1	2.36	7	95.92		
24	0.5	-0.5	0.04	5.33	6.762	94.64		
25	-1.2	-5.1	0.18	6.37	7.026	86.02		
26	-7.3	-14.4	0.02	2.48	7.798	79.23		
27	-6.1	-15.9	0	1.19	8.388	70.26		
28	-1.7	-18.1	0	1.92	7.566	87.5		
29	0.4	-7.3	0	2.48	8.41	95.09		
30	1.2	-3.8	0.56	3.99	6.374	97.44		
31	-0.6	-1.4	0	5.5	6.374	89.92		
32	0	-5.5	0.8	3.48	7.106	84.6		
33	3	-5.5	1.2	4.71	6.04	97.75		
34	1.4	-1	0.2	4.72	7.762	93.26		
35	-8.9	-11.6	0.02	5.73	8.366	80.98		
36	-6.5	-14	0	1.76	6.832	78.18		
37	-4.1	-9.1	0.38	3.16	7.072	84.59		
38	-3.8	-9.1	0	3.06	8.224	90.52		
39	-4.2	-10.9	0	3.86	7.624	81.14		
40	-9.9	-15.4	0	3.3	8.13	79.11		
41	-10.5	-20	0	4.89	10.282	81.98		
42	-10	-15.5	0	6.01	9.46	78.49		
43	-3.5	-17.6	0	1.95	6.648	78.33		
44	-1	-15.6	0	3.19	7.042	88.4		
45	3	-9.2	0	3.72	5.97	92.65		
46	2.2	-0.2	0.02	1.55	7.58	90.23		
47	1.6	-0.4	0.06	2.54	6.668	93.71		
48	1.6	0	0	4.63	6.978	93.51		
49	2.5	-5	0.16	1.7	7.39	80.79		
50	1.2	-1.6	0	1.57	10.136	88.66		
51	9.3	-2.1	0	2.35	9.792	88.43		
52	4.6	-0.9	0	3.23	8.408	89.25		
53	1	-2.5	0.78	2.58	9.122	95.55		
54	3	-1.5	0	4.19	8.538	86.52		
55	-0.8	-2	0	2.85	12.45	81.49		
56	-4.2	-9	0	4.99	11.13	73.16		
57	-0.2	-11.3	0	2.8	13.572	76.36		
58	5.4	-7	0	3.87	11.69	76.96		
59	9.1	-3.4	0	1.54	13.226	74.16		
60	9.2	-2.8	0	1.57	9.994	72.81		
61	6.5	-2.4	0	2.83	11.448	85.4		
62	6	-2.6	0.12	2.21	10.512	86.04		
63	4	-0.5	0.1	4	10.324	91.04		
64	9.4	-0.9	0	5.76	9.188	90.32		
65	10.6	1.4	0.14	4.25	13.234	95.77		
66	12.5	4.3	0.3	3.38	10.482	96.23		
67	10.6	3.2	0.48	4.57	10.674	93.08		
68	4	2.1	0.04	2.1	14.026	91.23		
69	3.8	0.2	0	4.16	11.004	93.77		
70	1.2	-4.9	0	6.3	11.144	83.1		
71	3.8	-5.8	0	5.94	13.542	73.34		
72	7.9	-3.6	0.02	3.6	11.542	72.9		
73	9.5	-1	0	2.96	8.258	91.93		
74	3.6	-0.5	0	4.31	10.72	84.41		
75	9.7	-1.9	0	3.29	15.386	87.44		
76	11.6	-1	0	2.95	11.418	83.81		
77	7.5	1.4	0.87	5.72	10.448	91.14		
78	6.8	4.6	1.21	4.61	15.286	94.3		
79	-3	-5	0.44	5.14	11.758	79.76		
80	-6.6	-7.5	1.12	6.74	15.482	86.85		
81	-9.1	-11.1	0.06	5.47	15.696	77.75		
82	-6.4	-14.4	0	4.82	14.142	80.53		
83	-3.5	-17	0	2.75	12.352	81.15		
84	-2.4	-15.1	0	2.28	13.774	82.68		
85	1	-14.9	0.12	2.91	11.518	82.69		
86	1.4	-3.4	0.5	3.66	11.64	94.48		
87	2.8	0.4	0.18	2.99	10.498	95.66		
88	-2	-9	0	4.83	13.614	72.39		
89	1.5	-10.5	0	1.63	16.164	71.64		
90	5	-4.2	0	3.08	13.648	73.72		
91	7.8	-4	0	2.82	10.002	70.73		
92	4.5	-0.4	0.36	6.96	13.392	76.85		
93	5	-0.1	0.42	2.72	16.22	92.6		
94	3.6	1.6	0	4.58	11.062	86.16		
95	5.9	0	0	2.6	9.094	84.08		
96	6.6	0.4	0.85	3.63	4.334	86.86		
97	13.5	2.8	0.04	3.73	10.816	92.39		
98	8.4	-1	0	2.73	13.124	81.53		
99	6.8	-1	2.38	6.88	14.976	86.54		
100	10.7	3.2	0.02	3.78	18.182	84.46		
101	8.5	0.4	0.02	2.77	18.124	87.17		
102	10.2	0.5	0	2.55	18.62	79.5		
103	10	-0.4	0.78	4.43	16.042	87.22		
104	12.2	5.4	1.64	6.9	22.58	88.34		
105	3	2.1	0	4.77	16.478	78.82		
106	4.1	-1.5	0	3.09	12.06	75.06		
107	2.2	-3.4	0.04	3.96	13.298	79.62		
108	0	-4	0	4.05	14.14	81.47		
109	4.6	-4.5	0	4.15	19.736	73.73		
110	6	-3.5	0	6.41	14.766	77.27		
111	6.5	-0.4	0	4.18	15.532	80.15		
112	10	-4	0	1.45	16.302	75.09		
113	13.2	-1.9	0	1.41	18.424	73.59		
114	8.9	1.5	0	5.59	17.236	76.42		
115	9.2	-2	0	5.22	14.888	72.33		
116	20.4	-1.1	0.28	2.91	18.208	78.15		
117	23	6.5	0	4.08	22.586	85.75		
118	14.8	3.6	1.52	3.4	20.376	83.51		
119	14.8	1.6	0.04	2.44	17.012	75.12		
120	14.3	4.7	1.38	3.84	17.396	97.3		
121	16	5.9	1.48	3.34	14.532	87.21		
122	19.2	7.5	1.68	6.58	18.764	91.26		
123	8.8	4	0.26	2.65	20.88	90.04		
124	13.4	3.1	0.6	4.26	21.202	79.11		
125	8	0.5	0	4.15	19.486	75.64		
126	15.1	-1.6	0.08	2.55	18.532	71.42		
127	19.6	6.1	1.76	5.68	16.114	84.26		
128	6.6	0.6	0.02	4.96	26.278	84.09		
129	7.1	-2.8	0	4.19	25.186	70.92		
130	13	-1.5	0	4.11	20.448	69.13		
131	17.9	-0.2	0	1.33	19.502	70.55		
132	20.3	2.9	0	1.85	20.678	74.98		
133	20.1	4.8	0	2.51	23.054	72.04		
134	21.1	7.2	1.43	2.53	24.682	90.97		
135	10.5	4.3	0	3.84	14.068	81.23		
136	9.2	-0.2	0	3.18	21.944	71.46		
137	10.8	-2.2	0	1.82	17.862	60.66		
138	15.5	-1.2	0	2.69	22.478	61.83		
139	14.3	6.7	3.24	4.74	11.63	94.31		
140	14.8	10.2	0.05	4.19	17.366	87.57		
141	19	9.5	0	1.08	7.934	81.52		
142	17.2	9.5	0.72	4.65	13.45	92		
143	17.3	10.8	0	5.44	17.26	81.42		
144	17.2	5.8	0	3.15	16.896	72.46		
145	15	6.4	0.46	4.42	19.332	84.3		
146	7.4	2.7	0.04	3.37	24.034	80.46		
147	12.8	-0.1	0	1.9	18.856	70.53		
148	18.1	2.4	0	1.93	19.036	68.68		
149	13	9.7	1.18	2.45	27.092	94.44		
150	16.3	7.1	0.02	3.74	23.746	78.09		
151	13.5	6.2	0.88	4.13	19.786	86.27		
152	14.6	6.4	0	2.84	17.912	80.53		
153	18.9	3.8	0	2.53	21.91	78.18		
154	18.9	5	0.33	2.04	23.744	81.04		
155	15.7	10.2	0.42	1.74	27.252	80.99		
156	18.7	11.4	0.86	3.02	26.814	78.38		
157	13.9	8.2	0.4	1.99	17.454	82.78		
158	16.1	7.8	0	4.1	21.118	73.48		
159	15.7	0.5	0	2.16	18.792	62.45		
160	20.5	-0.5	0	2.97	21.132	65.36		
161	24.5	11.5	0	2.6	18.222	78.07		
162	27.5	6.1	0	1.34	25.56	72.81		
163	28.6	14.8	0	1.95	16.754	70.95		
164	29.3	14.5	0	1.07	19.672	62.51		
165	28.6	14.7	0	1.38	23.55	63.51		
166	29.5	16.3	0	1.83	26.15	70.92		
167	28.1	14.9	0	1.48	19.368	71.1		
168	26.2	13.1	0	1.46	21.572	70.76		
169	25.9	9.3	0	1.8	24.466	65.03		
170	25	11.3	0	2.33	24.682	68.06		
171	26.9	13.9	0	2.35	19.086	66.4		
172	28.6	13.4	0	1.27	25.544	62.22		
173	28.6	12.8	0	1.51	23.89	64.21		
174	31.3	15.1	0	3.3	16.724	71.3		
175	26.9	12.6	0	2.67	24.608	64.11		
176	23.7	12.2	0.14	2.41	25.488	56.85		
177	32.4	10.8	0.33	4.01	25.862	68.46		
178	25.2	14.8	1.48	3.06	23.466	86.18		
179	20.5	11	0	4.63	21.78	78.44		
180	22.6	9.5	0	3.18	24.588	63.38		
181	25	12	0.15	3.05	21.75	81.73		
182	29	18.5	0.06	4.55	18.54	79.37		
183	28.4	17.5	0	3.15	22.1	79.67		
184	31.4	18.5	0	3.86	26.64	75.48		
185	27.7	21.7	1.64	4.99	10.66	84.05		
186	17.9	13.7	0.02	4.04	7.74	74.01		
187	18.4	6.8	0	3.17	30.42	55.97		
188	22.1	5.9	0	1.94	22.46	55.6		
189	25.1	12.1	0	4	18.07	67.56		
190	24.2	16.1	0	2.7	25.52	58		
191	23.9	9.3	0	1.67	26.86	55.47		
192	27.7	8.6	0	3.18	21.2	63.36		
193	27.8	17	0	3.66	28.69	68.59		
194	27.6	12.5	0	2.58	30.06	54.1		
195	30.6	12.7	0	2.49	29.12	55.26		
196	32.8	20.3	0	4.22	25.38	64.59		
197	32.2	21.1	0	3.92	22.82	64.15		
198	31.3	16.6	0.32	2.1	19.76	65.08		
199	29.9	17.1	0	2.23	26.78	58.68		
200	29.2	15.4	0	1.43	25.78	52.71		
201	29.6	16.5	0	1.59	20.41	59.93		
202	25.9	17.4	0.02	3.53	13.79	65.76		
203	25.9	8.8	0	1.69	28.84	45.88		
204	24.5	8.9	0	2.09	10.4	58.73		
205	23.6	15.9	0	3.99	22.57	60.47		
206	27.8	13.5	0	1.85	25.52	52.78		
207	28.8	13.6	0	1.49	26.03	44.43		
208	29.6	11.2	0	1.92	25.56	42.2		
209	27.4	12.4	0.41	3.7	10.55	59.87		
210	25	20.8	0.04	4.11	7.16	88.78		
211	30	19.5	0.81	1.41	15.84	80.01		
212	24.5	20.5	0.9	3.01	4.21	88.79		
213	25.1	14.8	0	3.52	16.16	78.15		
214	26.8	16	0	1.91	27.36	62.68		
215	27	11.5	1.18	2.14	20.88	60.7		
216	23.9	18.5	0	1.63	10.33	76.88		
217	27	19.3	0	1.36	14.47	75.78		
218	28	16.8	0	1.21	24.3	63.37		
219	29.2	17.1	0	1.77	20.92	62.52		
220	29.6	15.8	0.2	4.54	22.93	66.87		
221	21.8	14.3	0	2.79	23.76	63.6		
222	20.5	8.5	2.5	1.51	13.46	61.01		
223	17	12.7	0.2	4.86	2.92	86.72		
224	22.7	11.6	0	3.77	22.54	61.11		
225	24	8.1	0	1.26	22.21	69.2		
226	24.4	9.9	0.02	1.35	21.13	59.83		
227	24.2	14.5	0	0.97	10.22	57.27		
228	27.1	11.7	0	1.59	21.89	57.78		
229	27.2	13	0	2.49	12.64	75.48		
230	27.1	18.4	0	2.34	16.27	68.05		
231	28.1	12.5	0	2.86	20.66	59.28		
232	25.3	18.3	0	4.1	25.45	57.53		
233	24.6	11.3	2.46	1.71	23.83	59.6		
234	21.7	15.8	0.02	4.02	3.42	73.64		
235	24.5	13	0	1.62	22.1	63.77		
236	24.2	12.5	0	2.4	23.47	57.29		
237	26.6	12.4	0	1.45	21.49	55.7		
238	28	16.1	0	2.48	16.02	65.71		
239	29.7	15	0	1.67	17.71	73.05		
240	28.4	15	0	1.15	16.63	69.4		
241	28.2	14.8	0.59	1.56	20.77	57.04		
242	23	16.8	1.1	2.2	5.94	79.87		
243	25.4	16.2	0	1.91	21.56	67.27		
244	24.3	11	0	1.29	22.39	50.71		
245	25.5	9.2	0	1.68	24.26	49.16		
246	27	11	0	2.05	23.76	51.12		
247	28.5	12	0	3.1	20.84	58.27		
248	28.3	14.5	0.47	4.35	17.24	68.78		
249	26.5	19.5	0.11	5.33	13.43	69.14		
250	21	11.7	0	3.51	20.77	57.16		
251	23.5	7	0	1.69	20.88	54.21		
252	27.9	8.5	0.24	3.79	20.27	53.79		
253	31.2	16.5	0	4.72	21.02	57.84		
254	22.7	17	0	3.4	19.12	51.41		
255	20	7.9	0	2.21	13.21	53.22		
256	16.5	7.5	0	2.3	9.22	57.04		
257	18.3	1.8	0	2.41	16.74	48.94		
258	19	1.4	0.62	1.33	16.78	52.5		
259	14.5	10.6	1.52	4.06	2.63	84.68		
260	16	9.9	0.06	3.52	7.24	74.65		
261	24.8	5.8	1.51	4.43	10.04	70.55		
262	25.5	11.8	0	2.73	11.27	74.42		
263	26	16.4	1.84	5.81	14.98	68.34		
264	14.9	10.1	0.23	4.33	7.34	71.63		
265	9.8	4.4	0.32	4.47	7.42	72.8		
266	11.7	3.8	0.02	3.55	11.81	72.46		
267	14.8	-0.1	0	2.49	18.14	62.81		
268	17.4	2.8	0.14	2.99	11.34	57.64		
269	18.8	9.1	0	3.07	12.56	74.62		
270	16.8	10	0	2.36	8.17	76.28		
271	17.9	7	0	1.41	9.83	78.67		
272	22	6.2	0.02	1.48	17.82	64.69		
273	22	7.7	0	2.22	17.53	61.01		
274	19.6	8.9	0	1.93	7.81	76.38		
275	21.8	9.6	0	2.67	15.7	78.47		
276	23.4	12.8	0.3	5.47	13.03	62.28		
277	20.3	13.7	0.3	3.65	5.58	85.02		
278	14.8	12.3	0.66	2.22	3.13	84.16		
279	15.6	7.8	0	4.82	12.64	70.64		
280	13.4	0.8	0.15	2.4	8.17	61.47		
281	12.4	6.3	1.22	3.91	2.77	78.21		
282	10.4	0.9	0	3.42	17.24	67.82		
283	11.7	-0.2	0	3.14	7.85	74.28		
284	16.7	4.3	0.72	4.09	14.22	77.75		
285	16	11.7	0.5	3.35	3.38	94.2		
286	20.4	12.8	0.49	5.12	2.95	91.87		
287	8.2	1.9	0.18	7.7	7.38	72.34		
288	11.7	4.2	0	2.89	14.47	68.33		
289	11.9	1.9	0.12	2.4	8.03	69.33		
290	12.7	3.5	0	2.97	6.52	77.24		
291	13.8	1.8	0	1.34	12.13	64.33		
292	7.2	0	0	3.37	10.76	64.01		
293	8.4	-2.2	0	4.73	14.44	63.51		
294	9.8	-1.1	0	4.43	14.15	65.55		
295	8.1	0.5	2.22	3.33	3.85	80.87		
296	9	3.9	0.48	2.42	2.52	94.12		
297	6.9	4.4	0	4.07	4.5	85.58		
298	8.2	1	0.13	2.1	4.18	87.79		
299	8	1.7	0.1	4.19	5.98	74.68		
300	10.8	-1.3	0	3.68	8.57	70.04		
301	16.8	4.5	0.03	7.7	11.66	73.42		
302	4.8	0.4	0	3.97	8.68	66.59		
303	6.9	-5.8	0.02	0.99	9.86	61.37		
304	11	-4.6	0	1.37	12.6	64.12		
305	14	-1.7	0.21	2.23	10.08	92.37		
306	15.8	8.2	0.56	3.16	3.82	94.96		
307	3.8	0.6	0	4.99	5.87	81.2		
308	2	-3.7	0.02	4.82	3.71	74.48		
309	5.5	-1.5	0	2.91	5.76	88.06		
310	7	2.7	0	2.27	5.15	82.59		
311	10.8	3.9	0	1.7	11.74	85.47		
312	14.7	0.1	0	3.89	7.85	83.46		
313	16.2	6.5	0	2.01	9.32	77.99		
314	12.7	4.8	1.24	2.42	6.73	93.69		
315	1.3	-2.1	0.05	6.22	3.74	92.91		
316	-1.4	-4.5	0	5.18	8.35	78		
317	-2.5	-8.6	0	1.01	6.16	80.83		
318	3	-7.6	0	1.4	7.27	80.51		
319	2.5	-1.4	0.91	3.61	4.61	94.43		
320	1.1	0.2	0.05	3.04	4.46	96.08		
321	-0.2	-2.6	0	5.45	4.9	86.88		
322	2.3	-6.8	0	1.66	6.7	90.11		
323	4.7	-0.1	0.12	2.56	4.07	98.68		
324	9.5	2.3	0.86	4.7	4.46	96.86		
325	9.3	2.5	0	7.15	7.67	78.56		
326	6.5	-0.4	0	2.87	9.25	82.3		
327	11.5	-1.2	0.56	4.28	2.81	95.43		
328	2.8	-0.5	0.08	5.36	2.84	85.71		
329	0.6	-2.7	0.04	5.72	3.2	75.25		
330	3	-0.9	0.08	3.51	4.64	88.33		
331	2.2	-1	0.4	2.68	6.73	75.18		
332	4.5	-1.6	0.96	5.46	2.27	95.21		
333	1	-1.2	0.25	6.42	2.88	83.41		
334	-3.5	-5.4	0.3	7.25	2.92	79.24		
335	-2.2	-5.5	0.04	5	4.43	82.28		
336	-2	-6.2	0.1	4.34	5.29	88.81		
337	-0.2	-6	0.16	2.51	7.6	81.8		
338	0.2	-6	0	3.24	6.08	95.08		
339	0.5	-0.9	0.9	1.99	5.54	98.47		
340	0.6	-0.5	1.7	3.53	0.76	96.93		
341	-6	-6.6	0.1	7.05	4.36	88.17		
342	-4.1	-16.3	0.04	2.9	5.26	90.97		
343	-2.4	-9.2	0.15	2.38	4.28	94.18		
344	-2.4	-6.4	0	2.31	4.68	91.3		
345	1.9	-10.9	1.68	5.81	2.16	95.09		
346	1.9	-6.2	0.24	3.44	3.78	97.38		
347	-0.3	-8.2	0	3.24	8.06	95.42		
348	2	-3.7	0.18	2.7	4.25	96.51		
349	-0.7	-3.2	0	5.1	4.39	90.05		
350	-4.1	-5	0.24	5.34	6.23	89.21		
351	-6	-8	0.12	4.59	5.98	86.75		
352	-8.5	-11.1	0.28	3.99	4.68	84.74		
353	-12	-19.5	0	3.12	7.16	85.45		
354	-10.7	-24.2	0	2.45	7.63	87.25		
355	1.3	-20.3	1.46	5.22	3.35	92.23		
356	0.8	-9	0.07	7.35	6.16	97.33		
357	-14.5	-17.5	0.05	7.27	5.15	82.23		
358	-15.2	-17.8	0.2	7.03	4.21	81.46		
359	-13.5	-19.8	0.08	5.84	5.72	83.95		
360	-11	-20.8	0.1	7.64	5.11	84.06		
361	-6.7	-16.4	0.35	5.12	5.69	86.1		
362	-5	-8.3	0.76	2.46	3.06	92.18		
363	-9.5	-11.4	0	6.04	6.95	84.12		
364	-13.7	-20.5	0	5.97	7.92	83.33		
365	-8.4	-21.1	0	4.93	7.16	86.77		
