%Averages and standard deviations in ng N2O-N/(m2s); n is number of 30 min periods.
%Totals and averages of the daily means
%Year,DOY,mean,stdev,n,
2020.000000,1.000000,1.700414,2.971361,11.000000,
2020.000000,2.000000,1.414569,4.685491,11.000000,
2020.000000,3.000000,-0.265810,2.553176,6.000000,
2020.000000,4.000000,4.249553,5.454400,9.000000,
2020.000000,5.000000,-1.815665,3.984990,10.000000,
2020.000000,6.000000,2.300303,5.611351,7.000000,
2020.000000,7.000000,-1.959203,3.125978,5.000000,
2020.000000,8.000000,2.628115,4.153694,7.000000,
2020.000000,9.000000,3.850741,2.914942,6.000000,
2020.000000,10.000000,1.199913,1.641105,7.000000,
2020.000000,11.000000,0.610833,5.627888,8.000000,
2020.000000,12.000000,-13.312141,16.410670,5.000000,
2020.000000,13.000000,13.778194,20.434262,4.000000,
2020.000000,14.000000,0.061137,3.299057,7.000000,
2020.000000,15.000000,0.518397,2.608255,9.000000,
2020.000000,16.000000,-0.970172,5.342637,8.000000,
2020.000000,17.000000,3.383148,3.525791,5.000000,
2020.000000,18.000000,-0.597081,10.681899,11.000000,
2020.000000,19.000000,2.066835,1.427666,11.000000,
2020.000000,20.000000,3.093830,3.294918,8.000000,
2020.000000,21.000000,1.185168,4.113272,7.000000,
2020.000000,22.000000,1.064597,2.778423,7.000000,
2020.000000,23.000000,4.014401,0.485704,2.000000,
2020.000000,24.000000,-3.668069,8.234917,10.000000,
2020.000000,25.000000,0.343436,4.013839,10.000000,
2020.000000,26.000000,-1.886425,2.935671,10.000000,
2020.000000,27.000000,-0.227292,2.884228,11.000000,
2020.000000,28.000000,-1.237608,3.142085,11.000000,
2020.000000,29.000000,0.185509,4.290107,4.000000,
2020.000000,30.000000,NaN,NaN,0.000000,
2020.000000,31.000000,NaN,NaN,0.000000,
2020.000000,32.000000,4.220560,2.726132,6.000000,
2020.000000,33.000000,1.797872,4.373673,7.000000,
2020.000000,34.000000,3.075186,4.903760,7.000000,
2020.000000,35.000000,1.224959,5.884180,12.000000,
2020.000000,36.000000,1.027679,2.807578,9.000000,
2020.000000,37.000000,5.831431,5.859034,7.000000,
2020.000000,38.000000,5.799992,6.849102,11.000000,
2020.000000,39.000000,-2.850265,0.000000,1.000000,
2020.000000,40.000000,-2.610561,2.331259,5.000000,
2020.000000,41.000000,-0.131772,3.642838,9.000000,
2020.000000,42.000000,0.842645,3.890566,7.000000,
2020.000000,43.000000,2.011136,1.865037,8.000000,
2020.000000,44.000000,0.576291,3.040314,5.000000,
2020.000000,45.000000,1.506311,3.030997,3.000000,
2020.000000,46.000000,0.875047,5.237672,6.000000,
2020.000000,47.000000,3.177071,2.994759,10.000000,
2020.000000,48.000000,0.114361,3.935836,3.000000,
2020.000000,49.000000,-1.673704,5.913993,11.000000,
2020.000000,50.000000,-2.554450,4.792980,11.000000,
2020.000000,51.000000,-3.109481,4.885893,4.000000,
2020.000000,52.000000,1.182348,2.677106,7.000000,
2020.000000,53.000000,-0.907193,3.088692,11.000000,
2020.000000,54.000000,0.836205,3.393419,10.000000,
2020.000000,55.000000,1.326541,1.046394,3.000000,
2020.000000,56.000000,0.346015,4.446906,11.000000,
2020.000000,57.000000,0.473934,5.347531,8.000000,
2020.000000,58.000000,6.396073,4.457384,2.000000,
2020.000000,59.000000,3.176612,0.000000,1.000000,
2020.000000,60.000000,0.448167,2.632119,7.000000,
2020.000000,61.000000,-2.082989,3.122135,5.000000,
2020.000000,62.000000,1.114348,2.865897,5.000000,
2020.000000,63.000000,5.440802,2.397737,4.000000,
2020.000000,64.000000,1.557960,4.560759,12.000000,
2020.000000,65.000000,-1.231859,3.267679,7.000000,
2020.000000,66.000000,-3.946854,3.345006,5.000000,
2020.000000,67.000000,-1.114123,4.249852,5.000000,
2020.000000,68.000000,-1.574911,2.787184,8.000000,
2020.000000,69.000000,0.072165,1.768287,3.000000,
2020.000000,70.000000,-2.467242,5.050750,9.000000,
2020.000000,71.000000,-0.929556,2.989240,7.000000,
2020.000000,72.000000,-1.067380,2.641855,10.000000,
2020.000000,73.000000,0.483564,10.693444,12.000000,
2020.000000,74.000000,-2.959374,4.947467,12.000000,
2020.000000,75.000000,1.620876,4.553081,10.000000,
2020.000000,76.000000,0.244489,4.756937,9.000000,
2020.000000,77.000000,0.604109,5.495273,10.000000,
2020.000000,78.000000,2.166918,5.930043,8.000000,
2020.000000,79.000000,-0.205410,5.085604,11.000000,
2020.000000,80.000000,-4.157662,10.399491,12.000000,
2020.000000,81.000000,0.353815,7.098987,12.000000,
2020.000000,82.000000,1.158246,6.224116,11.000000,
2020.000000,83.000000,0.197239,4.414664,7.000000,
2020.000000,84.000000,1.347350,1.943471,8.000000,
2020.000000,85.000000,-0.189022,5.124491,10.000000,
2020.000000,86.000000,0.837242,4.240861,8.000000,
2020.000000,87.000000,-0.955837,3.940205,8.000000,
2020.000000,88.000000,1.688835,3.922427,11.000000,
2020.000000,89.000000,-2.259831,7.091124,11.000000,
2020.000000,90.000000,3.317140,5.015532,12.000000,
2020.000000,91.000000,3.957389,0.000000,1.000000,
2020.000000,92.000000,NaN,NaN,0.000000,
2020.000000,93.000000,-9.974960,25.525451,4.000000,
2020.000000,94.000000,-9.279518,17.314872,9.000000,
2020.000000,95.000000,7.979494,2.837376,3.000000,
2020.000000,96.000000,-15.650131,9.929152,10.000000,
2020.000000,97.000000,-17.191225,20.759218,6.000000,
2020.000000,98.000000,2.650187,6.944613,6.000000,
2020.000000,99.000000,12.447625,14.746238,8.000000,
2020.000000,100.000000,10.015855,8.843548,4.000000,
2020.000000,101.000000,0.311608,7.470340,6.000000,
2020.000000,102.000000,-10.096192,10.332101,10.000000,
2020.000000,103.000000,-6.795335,6.400578,7.000000,
2020.000000,104.000000,-1.588928,8.544090,10.000000,
2020.000000,105.000000,2.128981,9.690465,12.000000,
2020.000000,106.000000,6.483544,12.502582,8.000000,
2020.000000,107.000000,-17.341400,7.046035,8.000000,
2020.000000,108.000000,0.640963,8.523232,5.000000,
2020.000000,109.000000,-2.951028,12.762869,12.000000,
2020.000000,110.000000,3.857262,6.291106,12.000000,
2020.000000,111.000000,7.328714,5.416454,6.000000,
2020.000000,112.000000,11.530859,11.302736,10.000000,
2020.000000,113.000000,4.308021,8.264434,10.000000,
2020.000000,114.000000,5.247031,7.049141,8.000000,
2020.000000,115.000000,4.271023,3.519488,11.000000,
2020.000000,116.000000,-7.847084,12.644957,8.000000,
2020.000000,117.000000,7.302945,7.674225,12.000000,
2020.000000,118.000000,3.892723,5.922859,6.000000,
2020.000000,119.000000,5.738232,3.634703,10.000000,
2020.000000,120.000000,2.732808,5.299322,12.000000,
2020.000000,121.000000,1.876480,7.092014,9.000000,
2020.000000,122.000000,6.243221,7.316043,11.000000,
2020.000000,123.000000,4.405621,3.844847,7.000000,
2020.000000,124.000000,0.815192,7.915116,10.000000,
2020.000000,125.000000,1.052680,4.354263,9.000000,
2020.000000,126.000000,3.077998,8.695767,10.000000,
2020.000000,127.000000,4.981651,8.761587,12.000000,
2020.000000,128.000000,-0.473926,5.794313,7.000000,
2020.000000,129.000000,0.009401,5.658194,12.000000,
2020.000000,130.000000,0.128064,5.164341,7.000000,
2020.000000,131.000000,1.967826,4.103760,7.000000,
2020.000000,132.000000,-1.056580,3.911273,9.000000,
2020.000000,133.000000,3.641471,8.168978,9.000000,
2020.000000,134.000000,0.499294,12.308096,6.000000,
2020.000000,135.000000,3.775911,2.546529,9.000000,
2020.000000,136.000000,9.287152,7.037781,6.000000,
2020.000000,137.000000,-0.038514,12.534390,8.000000,
2020.000000,138.000000,-3.506017,10.618721,10.000000,
2020.000000,139.000000,5.647404,12.557694,12.000000,
2020.000000,140.000000,-3.030625,11.198503,5.000000,
2020.000000,141.000000,NaN,NaN,0.000000,
2020.000000,142.000000,NaN,NaN,0.000000,
2020.000000,143.000000,4.129083,0.000000,1.000000,
2020.000000,144.000000,NaN,NaN,0.000000,
2020.000000,145.000000,4.157320,7.759717,7.000000,
2020.000000,146.000000,4.946083,2.316098,5.000000,
2020.000000,147.000000,8.332313,6.020298,6.000000,
2020.000000,148.000000,1.091610,3.822975,6.000000,
2020.000000,149.000000,5.756397,4.423934,6.000000,
2020.000000,150.000000,1.968120,4.797945,10.000000,
2020.000000,151.000000,13.330574,6.221230,8.000000,
2020.000000,152.000000,0.808722,5.369870,9.000000,
2020.000000,153.000000,3.269866,4.964078,5.000000,
2020.000000,154.000000,-2.265491,3.235172,8.000000,
2020.000000,155.000000,3.745931,3.663110,9.000000,
2020.000000,156.000000,-1.136576,3.713276,5.000000,
2020.000000,157.000000,3.228743,2.122536,5.000000,
2020.000000,158.000000,2.769443,6.615953,11.000000,
2020.000000,159.000000,0.588393,5.975997,9.000000,
2020.000000,160.000000,1.622614,4.577695,4.000000,
2020.000000,161.000000,0.817908,6.416249,5.000000,
2020.000000,162.000000,2.086305,6.009909,5.000000,
2020.000000,163.000000,NaN,NaN,0.000000,
2020.000000,164.000000,NaN,NaN,0.000000,
2020.000000,165.000000,NaN,NaN,0.000000,
2020.000000,166.000000,NaN,NaN,0.000000,
2020.000000,167.000000,NaN,NaN,0.000000,
2020.000000,168.000000,NaN,NaN,0.000000,
2020.000000,169.000000,4.526033,6.955755,2.000000,
2020.000000,170.000000,1.494486,1.863150,6.000000,
2020.000000,171.000000,1.755147,4.165809,4.000000,
2020.000000,172.000000,2.370109,10.045511,5.000000,
2020.000000,173.000000,-4.479342,11.090893,5.000000,
2020.000000,174.000000,-4.833353,1.020279,3.000000,
2020.000000,175.000000,16.554366,8.331365,9.000000,
2020.000000,176.000000,18.632297,10.085972,11.000000,
2020.000000,177.000000,-5.504757,16.895096,6.000000,
2020.000000,178.000000,-3.937509,10.593024,6.000000,
2020.000000,179.000000,-1.396944,7.759432,10.000000,
2020.000000,180.000000,2.216053,9.318398,8.000000,
2020.000000,181.000000,-6.603274,14.007030,8.000000,
2020.000000,182.000000,2.452604,4.578615,9.000000,
2020.000000,183.000000,3.307390,7.317879,5.000000,
2020.000000,184.000000,3.644852,3.700647,7.000000,
2020.000000,185.000000,-2.252281,5.508684,7.000000,
2020.000000,186.000000,4.965337,4.805046,9.000000,
2020.000000,187.000000,8.694021,3.934703,4.000000,
2020.000000,188.000000,2.896192,2.986743,4.000000,
2020.000000,189.000000,2.618866,6.531920,6.000000,
2020.000000,190.000000,NaN,NaN,0.000000,
2020.000000,191.000000,-6.431014,7.921277,3.000000,
2020.000000,192.000000,10.013698,5.430229,5.000000,
2020.000000,193.000000,10.794656,14.071442,8.000000,
2020.000000,194.000000,10.246919,4.921842,11.000000,
2020.000000,195.000000,-0.024022,4.912336,10.000000,
2020.000000,196.000000,6.368359,2.320604,3.000000,
2020.000000,197.000000,5.347796,6.129819,9.000000,
2020.000000,198.000000,1.819111,4.319306,8.000000,
2020.000000,199.000000,5.638003,6.919276,9.000000,
2020.000000,200.000000,0.796431,3.630133,7.000000,
2020.000000,201.000000,9.708861,8.885217,9.000000,
2020.000000,202.000000,-0.824248,8.499760,12.000000,
2020.000000,203.000000,1.766695,7.229326,5.000000,
2020.000000,204.000000,4.884049,11.923861,6.000000,
2020.000000,205.000000,5.528634,7.707102,8.000000,
2020.000000,206.000000,5.162462,10.760287,8.000000,
2020.000000,207.000000,-0.713391,6.117034,7.000000,
2020.000000,208.000000,5.945805,13.491855,8.000000,
2020.000000,209.000000,2.893926,13.056732,11.000000,
2020.000000,210.000000,16.185261,3.635096,3.000000,
2020.000000,211.000000,12.165336,11.652181,9.000000,
2020.000000,212.000000,70.539534,156.068573,7.000000,
2020.000000,213.000000,5.093822,11.824810,5.000000,
2020.000000,214.000000,8.100778,6.573302,10.000000,
2020.000000,215.000000,0.839034,28.180083,9.000000,
2020.000000,216.000000,-0.594511,3.580617,8.000000,
2020.000000,217.000000,-3.973893,10.976694,10.000000,
2020.000000,218.000000,-2.471773,18.837094,10.000000,
2020.000000,219.000000,8.938422,6.467102,2.000000,
2020.000000,220.000000,13.049187,7.354995,5.000000,
2020.000000,221.000000,2.295527,12.101181,7.000000,
2020.000000,222.000000,5.860817,6.814142,9.000000,
2020.000000,223.000000,5.781280,11.175790,8.000000,
2020.000000,224.000000,7.875974,7.666190,8.000000,
2020.000000,225.000000,4.705584,8.278331,6.000000,
2020.000000,226.000000,1.460829,31.720651,9.000000,
2020.000000,227.000000,11.021281,8.599746,11.000000,
2020.000000,228.000000,14.375063,11.080051,10.000000,
2020.000000,229.000000,8.363995,4.295776,7.000000,
2020.000000,230.000000,15.076391,7.514464,7.000000,
2020.000000,231.000000,10.068723,8.979837,7.000000,
2020.000000,232.000000,-1.005731,12.257572,7.000000,
2020.000000,233.000000,20.696048,18.440117,6.000000,
2020.000000,234.000000,-0.860924,6.396673,3.000000,
2020.000000,235.000000,4.667249,4.160562,4.000000,
2020.000000,236.000000,0.616141,11.199442,3.000000,
2020.000000,237.000000,1.897033,11.676249,3.000000,
2020.000000,238.000000,-29.024323,19.082836,3.000000,
2020.000000,239.000000,3.211507,5.735610,8.000000,
2020.000000,240.000000,-0.792307,15.210819,9.000000,
2020.000000,241.000000,5.610381,7.475873,8.000000,
2020.000000,242.000000,-5.508747,7.891512,12.000000,
2020.000000,243.000000,10.774436,17.297892,12.000000,
2020.000000,244.000000,1.370181,5.831570,9.000000,
2020.000000,245.000000,1.419446,18.563816,8.000000,
2020.000000,246.000000,18.902584,16.143146,9.000000,
2020.000000,247.000000,27.682147,25.911471,8.000000,
2020.000000,248.000000,16.821789,20.853464,8.000000,
2020.000000,249.000000,35.504728,60.605701,8.000000,
2020.000000,250.000000,8.981010,9.951344,7.000000,
2020.000000,251.000000,14.388067,26.298202,11.000000,
2020.000000,252.000000,9.403409,13.559966,10.000000,
2020.000000,253.000000,6.300630,9.018047,12.000000,
2020.000000,254.000000,0.085789,10.036591,10.000000,
2020.000000,255.000000,15.601485,13.604622,11.000000,
2020.000000,256.000000,14.240417,20.029575,11.000000,
2020.000000,257.000000,27.662344,19.650736,12.000000,
2020.000000,258.000000,11.565350,12.705379,9.000000,
2020.000000,259.000000,13.371163,16.234857,7.000000,
2020.000000,260.000000,20.496154,14.215865,11.000000,
2020.000000,261.000000,15.931130,16.876926,10.000000,
2020.000000,262.000000,13.745450,16.206813,8.000000,
2020.000000,263.000000,9.478775,10.116822,7.000000,
2020.000000,264.000000,10.756985,12.111182,6.000000,
2020.000000,265.000000,1.473668,14.529008,5.000000,
2020.000000,266.000000,4.611126,12.733275,5.000000,
2020.000000,267.000000,2.914551,0.000000,1.000000,
2020.000000,268.000000,13.807845,5.847868,2.000000,
2020.000000,269.000000,8.766251,6.603366,4.000000,
2020.000000,270.000000,6.821375,4.959546,6.000000,
2020.000000,271.000000,6.514020,2.695273,11.000000,
2020.000000,272.000000,7.043997,3.275444,9.000000,
2020.000000,273.000000,35.033835,6.139345,9.000000,
2020.000000,274.000000,11.356042,6.771055,7.000000,
2020.000000,275.000000,9.524389,4.253546,10.000000,
2020.000000,276.000000,6.704730,3.012670,8.000000,
2020.000000,277.000000,6.653591,3.779011,3.000000,
2020.000000,278.000000,4.620904,3.485209,4.000000,
2020.000000,279.000000,7.713055,8.473368,7.000000,
2020.000000,280.000000,7.525689,6.837652,5.000000,
2020.000000,281.000000,2.336653,8.131763,11.000000,
2020.000000,282.000000,2.902259,3.977278,5.000000,
2020.000000,283.000000,5.472015,4.412299,7.000000,
2020.000000,284.000000,4.410054,3.966217,12.000000,
2020.000000,285.000000,2.767506,4.557378,10.000000,
2020.000000,286.000000,4.117559,6.702306,11.000000,
2020.000000,287.000000,4.841500,3.141726,8.000000,
2020.000000,288.000000,5.458829,5.100190,8.000000,
2020.000000,289.000000,1.264855,2.301067,10.000000,
2020.000000,290.000000,3.888986,3.498124,8.000000,
2020.000000,291.000000,3.295738,4.722702,6.000000,
2020.000000,292.000000,1.066479,4.651803,10.000000,
2020.000000,293.000000,0.773124,3.753437,6.000000,
2020.000000,294.000000,3.929480,4.396560,8.000000,
2020.000000,295.000000,2.159914,4.652931,9.000000,
2020.000000,296.000000,2.883871,3.417994,6.000000,
2020.000000,297.000000,8.362001,5.128513,7.000000,
2020.000000,298.000000,3.565630,5.355209,12.000000,
2020.000000,299.000000,4.196371,4.855031,9.000000,
2020.000000,300.000000,3.196356,1.736553,7.000000,
2020.000000,301.000000,2.751119,3.509868,3.000000,
2020.000000,302.000000,NaN,NaN,0.000000,
2020.000000,303.000000,NaN,NaN,0.000000,
2020.000000,304.000000,NaN,NaN,0.000000,
2020.000000,305.000000,NaN,NaN,0.000000,
2020.000000,306.000000,NaN,NaN,0.000000,
2020.000000,307.000000,NaN,NaN,0.000000,
2020.000000,308.000000,-0.206848,0.000000,1.000000,
2020.000000,309.000000,2.895914,6.401979,7.000000,
2020.000000,310.000000,-1.871307,3.702586,9.000000,
2020.000000,311.000000,-0.186463,7.186081,4.000000,
2020.000000,312.000000,1.524712,3.381591,4.000000,
2020.000000,313.000000,-4.844273,0.000000,1.000000,
2020.000000,314.000000,NaN,NaN,0.000000,
2020.000000,315.000000,NaN,NaN,0.000000,
2020.000000,316.000000,1.809619,5.226019,3.000000,
2020.000000,317.000000,0.609115,3.599409,3.000000,
2020.000000,318.000000,-1.067389,2.459482,8.000000,
2020.000000,319.000000,1.433644,2.664513,7.000000,
2020.000000,320.000000,0.993711,4.061708,7.000000,
2020.000000,321.000000,-0.600515,8.148484,10.000000,
2020.000000,322.000000,3.411142,11.840387,10.000000,
2020.000000,323.000000,0.094228,4.190436,9.000000,
2020.000000,324.000000,0.732616,2.855302,11.000000,
2020.000000,325.000000,3.234106,3.405897,10.000000,
2020.000000,326.000000,0.010396,3.801292,9.000000,
2020.000000,327.000000,4.033642,3.833604,9.000000,
2020.000000,328.000000,0.598636,4.302672,10.000000,
2020.000000,329.000000,-0.310648,2.627474,8.000000,
2020.000000,330.000000,-0.599582,1.682011,6.000000,
2020.000000,331.000000,0.690906,4.863004,7.000000,
2020.000000,332.000000,-1.046077,3.074419,8.000000,
2020.000000,333.000000,1.463521,4.126908,11.000000,
2020.000000,334.000000,1.174271,1.952241,8.000000,
2020.000000,335.000000,11.290288,4.006803,7.000000,
2020.000000,336.000000,6.275612,7.329277,11.000000,
2020.000000,337.000000,-3.572711,7.997778,8.000000,
2020.000000,338.000000,0.838429,3.568157,12.000000,
2020.000000,339.000000,-1.030131,2.899646,9.000000,
2020.000000,340.000000,-2.235381,5.102389,11.000000,
2020.000000,341.000000,-1.903281,3.228272,8.000000,
2020.000000,342.000000,-0.088544,5.688118,8.000000,
2020.000000,343.000000,-1.705497,3.407978,10.000000,
2020.000000,344.000000,-1.017953,4.989903,12.000000,
2020.000000,345.000000,-2.861404,2.479337,4.000000,
2020.000000,346.000000,-0.919348,4.153746,3.000000,
2020.000000,347.000000,-2.168797,7.506592,12.000000,
2020.000000,348.000000,3.165076,7.522627,12.000000,
2020.000000,349.000000,3.189748,9.649295,11.000000,
2020.000000,350.000000,0.707377,4.218064,10.000000,
2020.000000,351.000000,3.161515,10.276631,12.000000,
2020.000000,352.000000,2.533206,3.429372,8.000000,
2020.000000,353.000000,6.011777,5.634478,2.000000,
2020.000000,354.000000,3.605811,3.924206,8.000000,
2020.000000,355.000000,4.424906,3.575766,9.000000,
2020.000000,356.000000,5.462012,1.651916,2.000000,
2020.000000,357.000000,7.958789,6.551037,7.000000,
2020.000000,358.000000,7.083190,8.442870,10.000000,
2020.000000,359.000000,8.197927,7.025043,9.000000,
2020.000000,360.000000,2.472992,5.123550,12.000000,
2020.000000,361.000000,3.912281,5.556366,12.000000,
2020.000000,362.000000,2.623033,2.146443,9.000000,
2020.000000,363.000000,1.000121,7.042797,9.000000,
2020.000000,364.000000,0.372115,2.162669,8.000000,
2020.000000,365.000000,4.535937,11.076074,7.000000,
2020.000000,366.000000,3.315969,5.124855,7.000000,
