elora2003							
1	-2.3	-3.6	0.214	5.44	4.82	76.06	
2	-5.5	-12	0.23	6.76	6.66	80.26	
3	-1.9	-8.9	0.335	2.2	6.48	96.4	
4	-2.7	-5.3	0.129	2.54	4.72	89.6	
5	-2.9	-12.5	0.023	1.03	6.7	84.18	
6	-3.2	-7.8	0.131	3.99	7.13	86.49	
7	2.1	-16.3	0.089	5.61	4.07	94.03	
8	3.5	-4.1	0.085	5.44	5.58	93.94	
9	1.9	-0.1	0.167	5.5	5	91.85	
10	-5.5	-13.8	0.091	6	5.62	74.27	
11	-5.2	-11.3	0.116	7.52	6.01	78.68	
12	-5	-7.9	0.042	6.11	7.67	80.86	
13	-7.9	-9.9	0.038	7.24	7.52	74.2	
14	-7	-14.3	0.039	2.75	7.24	78.16	
15	-7.7	-12.9	0.087	5.61	7.27	77.16	
16	-8.4	-11.1	0.013	4.52	6.95	81.18	
17	-12.5	-20.3	0.043	4.5	8.86	73.44	
18	-8.7	-19.1	0.013	6.1	8.75	83.28	
19	-8.9	-12.4	0.115	6.91	7.06	77.78	
20	-11.7	-12.9	0.062	6.29	8.28	71.37	
21	-11.7	-18.3	0.034	4.11	9.36	73.49	
22	-15.2	-22	0.026	4.98	9.22	74.2	
23	-14.1	-19.1	0.13	5.09	4.75	77.64	
24	-8.3	-17.9	0.025	4.06	6.12	85.17	
25	-6.4	-11.9	0.048	6.35	4.9	80.77	
26	-9.7	-13.8	0.134	4.61	7.56	83.6	
27	-12	-29	0.018	2.72	9.68	73.66	
28	-4.8	-16.7	0.1	3.63	6.84	85.26	
29	-6	-9.4	0.093	3.22	10.22	87.01	
30	-7.4	-25.9	0.007	2.22	10.91	88.5	
31	-1.2	-16.1	0.017	2.32	7.6	98.01	
32	3.3	-5.2	0.06	1.22	8.1	96.55	
33	0.6	-3.3	0.027	2.54	10.58	92.44	
34	6	-8.3	0.502	4.52	4.39	92.85	
35	0.8	-5.7	0.782	10.27	6.44	86.83	
36	-8.8	-10.8	0.027	5.72	7.78	71.84	
37	-3.4	-13.1	0.021	4.44	8.42	84.43	
38	-7	-13.8	0.028	3.99	12.42	72.99	
39	-5.3	-14	0.024	8.1	11.84	76.42	
40	-8.4	-10.3	0.074	5.48	13.1	77.56	
41	-3.7	-13.4	0.139	5.43	7.99	86.14	
42	-9.1	-24.1	0.033	4.19	8.28	77.8	
43	-11.7	-14.1	0.115	7.55	8.5	71.38	
44	-11.6	-17.8	0.046	5.94	9.65	71.52	
45	-8	-16.7	0.005	3.82	10.87	72.7	
46	-13.5	-18.5	0.03	5.72	11.77	67.68	
47	-11.3	-19.5	0.016	7.18	10.94	75.49	
48	-6.2	-15.2	0.266	6.14	6.23	85.47	
49	-2.4	-9.8	0.207	3.04	7.96	89.45	
50	0.8	-3.9	0.009	5.6	9.25	87.01	
51	3.1	-14.3	0.008	5.17	14.33	88	
52	3.4	-4.3	0	2.99	11.52	80.52	
53	1.6	-5.6	0.829	5.2	5.58	90.01	
54	-9.9	-11.9	0.784	7.57	8.17	83.96	
55	-7.7	-18	0.09	2.19	8.1	80.84	
56	-11.5	-23.1	0.076	2.47	10.19	74.21	
57	-5.8	-27	0.024	1.2	12.96	77.82	
58	-2.4	-21.6	0.002	2.14	15.88	93.6	
59	0	-17.7	0.001	1.48	15.84	85.19	
60	0.6	-14.9	0.019	1.46	11.3	89.98	
61	-0.9	-13.3	0.28	5.86	7.52	95.51	
62	-10.3	-27.5	0.024	2.94	12.53	66.46	
63	0.4	-19.1	0.291	3.76	11.34	92.42	
64	-4.7	-7.6	0.626	4.48	8.68	88.38	
65	-2.5	-12.7	0.146	2.54	15.55	78.09	
66	-2.1	-20.2	0.042	3.38	10.33	93.85	
67	0.9	-3.8	0.448	3.26	8.86	95.35	
68	-13.1	-17.4	0.062	5.5	13.32	74.28	
69	-12.9	-22.1	0.032	5	13.57	74.45	
70	0.8	-20	0.02	5.47	10.15	85.63	
71	-3.5	-6.2	0.081	3.7	9.47	90.23	
72	-1.1	-13.6	0.123	3.32	10.3	83.48	
73	-1.1	-16.5	0.015	1.79	16.02	74.14	
74	11.7	-7.8	0.024	1.68	20.2	85.98	
75	11.2	-3.8	0.017	2.42	14.26	100	
76	15.6	1.3	0.006	1.99	14.54	91.46	
77	7.4	3.2	0	5.6	12.2	81.52	
78	4.2	-2.6	0.024	5.76	17.17	81.92	
79	6.2	0.6	0.41	3.14	15.62	90.8	
80	7.1	1.9	0.255	1.78	3.42	96.9	
81	4	-0.4	0.284	3.57	6.88	88.3	
82	6.7	-0.1	0.042	2.47	11.92	87.41	
83	13.4	-2.1	0.039	2.98	19.69	81.33	
84	12.4	4.2	0.179	3.19	10.48	80.9	
85	7.8	0.1	0.378	2.5	18.14	72.17	
86	10.6	-1.3	0.03	2.45	17.35	72.54	
87	18.8	3	0.179	6.52	12.06	81.85	
88	3.2	0.4	1.112	5.66	4.72	83.61	
89	0.6	-4.7	0.171	4.04	15.66	70.91	
90	-1.7	-6.7	0.044	3.33	15.62	69.57	
91	8.6	-7	0.08	3	17.53	94.71	
92	3	-0.4	0	3.92	12.17	92.11	
93	-1.6	-3.5	0	6.43	5.33	88.75	
94	-2.8	-5.5	0	7.93	6.52	89.36	
95	-0.7	-6.4	1.86	5.05	8.93	90.18	
96	0.4	-12.4	0	2.48	14.69	83.74	
97	-3.8	-6.5	0.2	7.54	4.79	90.02	
98	-0.9	-5.7	0	4.25	7.31	93.22	
99	5.2	-6.3	0	2.87	18.83	88.66	
100	11.3	-4.8	0	2.28	23.11	75.28	
101	16.5	-0.8	0	1.57	24.52	72.29	
102	11.1	-0.5	0	4.2	22.93	74.69	
103	10	-3.3	0	1.37	22.82	61.42	
104	19.2	-0.8	0	4.18	23.4	65.54	
105	26.3	11.5	0	6.38	18.65	71.32	
106	8	1.4	0	5.09	8.6	86.55	
107	2.6	-3.5	0.06	7.59	11.23	72.66	
108	10.4	0.2	0.14	3.59	4	87.43	
109	18.1	6.7	0	2.99	17.53	83.08	
110	23.2	7.6	0.36	4.29	13.43	84.41	
111	15	10.1	0.18	4.2	6.37	82.05	
112	5	1.2	0.04	4.38	9.79	85.15	
113	6.9	-2.9	0	4.46	25.52	67.35	
114	13.4	-3.2	0	1.97	25.27	61.56	
115	15.5	-2.5	0	2.44	23.58	66.97	
116	14.1	-0.5	0	3.06	27.11	62.77	
117	18.9	-2.2	0	2.73	26.17	57.77	
118	23.6	5.4	0	4.78	20.81	72.41	
119	14.3	1	0	2.95	24.8	68.31	
120	12.2	0.7	1.5	2.3	7.45	69.03	
121	17.4	4.7	0.64	4.11	12.13	89.03	
122	14.8	8.1	0	3.46	19.44	80.19	
123	13.9	2.1	0	2.96	28.26	63.63	
124	16.8	1.6	0	2.82	27.4	60.05	
125	11.4	5.5	2.16	4.49	3.74	89.46	
126	16.8	6.2	0	3.15	10.22	83.26	
127	11.4	7.3	0.14	1.97	6.66	84.62	
128	19.7	8.2	0.02	2.3	22.68	74.27	
129	16.7	4	0	3.17	17.14	73.8	
130	19	6.8	0.68	2.08	13.64	92.21	
131	19.3	10.6	0.94	6.01	9.68	82.99	
132	8.3	6	0.14	6.69	5.87	89.05	
133	10.5	4.3	0	4.86	11.99	83.22	
134	16.1	3.6	0	1.85	25.81	71.49	
135	16.1	3.9	0.02	4.05	13.21	88.34	
136	10.5	9.2	0.44	4.28	5.33	93.29	
137	14.9	8.6	0.02	3.36	11.56	83.11	
138	19.4	7.9	0	2.73	20.09	81.24	
139	21.4	6.6	0	2.74	26.71	69.2	
140	16.8	11.7	0.7	4.9	3.06	86.83	
141	14.3	2.1	0	3.98	31.18	64.29	
142	16	2.3	0	3.85	28.22	63.68	
143	16.4	5.5	2	4.48	9.22	86.92	
144	16.1	9.4	0.06	2.57	14.8	80.55	
145	16.5	7.6	0	1.17	16.34	79.26	
146	17.4	5.8	0.08	1.98	18.9	81.12	
147	16.9	6.9	0.42	0.98	12.64	82.58	
148	18.8	6.2	0.18	1.66	21.92	77.94	
149	22.5	5.3	0	2.47	24.52	77.35	
150	20.7	8.1	0.22	1.77	20.27	70.64	
151	14.3	9.8	0	5	8.96	87.14	
152	15	3.6	0	4.49	29.45	63.7	
153	20	5	0	3.09	28.22	66.38	
154	17.5	5.8	0	2.66	12.46	66.53	
155	16.7	9.4	1.42	4.33	6.98	89.51	
156	14.8	10.3	0.02	2.43	6.52	86.89	
157	23.5	6.1	0.02	1.88	24.77	70.65	
158	22.6	13.7	0	1.38	20.16	76.93	
159	22.2	12.4	1.42	2.2	10.58	84.43	
160	16.8	11.7	0.04	4.75	11.09	84.72	
161	21.3	5.7	0.04	2.22	15.98	79.25	
162	21	15	0	3.99	15.62	82.62	
163	18	11.9	0.52	4.81	11.02	90.65	
164	19.2	12.3	0	2.68	8.96	91.32	
165	25.1	13.3	0	1.97	28.15	77.77	
166	24.8	11.8	0	2.66	31.39	68.85	
167	21.9	9.3	0	2.91	32.29	66.95	
168	25.9	9.9	0	1.68	25.67	82.95	
169	25.1	13.4	1.34	1.41	20.88	82.14	
170	16.3	13.1	0	3.57	29.92	72.76	
171	21	7.6	0	2.79	30.71	65.08	
172	25.2	11.5	0	1.95	30.42	67.19	
173	27.4	13.5	0	2.9	31.28	63.84	
174	29	11.8	0	1.84	31.93	59.39	
175	30.6	12.2	0	2.09	26.82	59.73	
176	32.3	18.1	0	2.93	28.51	64.14	
177	31.2	17.2	0.18	4.59	19.48	75.44	
178	23.5	14.2	0	3.78	27.4	64.65	
179	25.5	12.7	0.78	3.09	23.36	63.83	
180	25	14.1	2.1	4	20.02	75.14	
181	23.3	10.6	0	2.29	28.37	66.29	
182	27.2	12.7	0	1.9	30.06	59.76	
183	28.2	12.3	0	1.54	27.97	55.37	
184	29.5	14	0	2.5	26.39	57.98	
185	31.1	17.4	0.04	3.47	24.44	69.03	
186	28.5	18.1	0.2	3.4	19.33	72.38	
187	29.4	15.7	1.5	1.58	29.77	54.26	
188	24.2	15.7	0.12	2.7	12.31	80.1	
189	25.2	18	0.02	3.43	26.21	65.09	
190	25.7	16.2	0.02	1.87	25.7	62.06	
191	21.5	15	0.76	3.18	7.92	78.69	
192	20.4	16	0.54	5.67	6.26	79.62	
193	17.6	13.5	0.02	4.87	9.83	80.7	
194	24	10.5	0	1.98	27.79	58	
195	26.8	10.8	0.06	1.21	30.38	52.54	
196	26.1	12.2	0.54	3.25	11.12	72.63	
197	17.9	12.6	0.18	3.38	15.7	71.45	
198	26.7	8.3	0.1	3.12	18.97	66.1	
199	22.3	11.3	0.02	2.24	29.59	54.74	
200	23.4	7.7	0.04	2.38	30.67	53.12	
201	20.3	11.1	0.2	3.65	9.83	69.67	
202	23.7	14.2	0.34	2.04	15.23	91.27	
203	23.5	14.3	0	1.54	22.18	79.7	
204	24.6	14.1	0	1.99	27.72	69.86	
205	25.1	14.1	0	2.44	29.81	64.99	
206	26.7	10.4	0	3.21	29.74	60.84	
207	24	15.8	0.52	4.78	7.13	71.15	
208	24.8	20.5	0.02	5.05	12.82	74.38	
209	23.3	9.8	0.02	1.9	24.08	59.43	
210	25.6	9.2	0	1.75	27.11	53.5	
211	27.2	10.7	0	2	27.14	52.52	
212	25.1	15.9	0.06	2.42	19.91	71.31	
213	26.7	16	0.62	1.36	18.72	74.48	
214	22.1	17.1	0.84	1.68	15.41	83.45	
215	24	18.8	2.44	1.89	5.8	91.68	
216	27	18.9	0.02	2.15	17.35	75.21	
217	26.4	15.6	2.8	0.69	18.36	82.21	
218	24.7	16.5	0.04	1.65	17.35	78.07	
219	27.3	15.8	0	1.04	19.69	70.71	
220	25.9	17	0	1.25	18.65	73.5	
221	26.8	16.7	0.2	1.58	21.92	76.47	
222	26	16.7	0.02	1.87	21.53	73.48	
223	25.1	16	1.52	1.64	9.76	87.9	
224	26.5	18.2	0.02	2.21	15.16	85.59	
225	30.2	17.9	0	0.97	22.57	70.27	
226	29.3	16.8	0.02	1.01	25.96	60.78	
227	28.8	16.3	0.02	2.48	18.97	68.99	
228	27.1	19.9	0.26	3.14	19.51	67.74	
229	23.3	12.8	0	2.68	20.56	60.38	
230	26.5	11.4	0.02	1.29	25.34	55.59	
231	27	9.9	0	1.52	25.52	52.8	
232	27.9	11.8	0.02	1.93	23.51	57.15	
233	29.9	13.4	0.14	3.68	20.09	64.44	
234	23.8	16.7	0	3.32	23.58	63.26	
235	21.7	12.5	0.02	3.14	25.06	49.92	
236	22.5	6.4	0	2.18	12.13	52.81	
237	27.5	16.6	2.02	2.89	19.51	61.48	
238	27.5	17.5	0.04	3.35	16.34	74.55	
239	22.5	12.8	0.02	3.33	24.19	57.43	
240	23	7.4	0.04	1.6	22.25	55.04	
241	26.5	13.3	0.12	4.27	11.48	76.69	
242	20.1	9.2	0.02	2.12	23.44	58.59	
243	21.5	8	0	1.19	19.04	54.28	
244	18.8	12.6	0.1	1.85	8.86	78.64	
245	22.4	10.7	0	2.99	22.82	72.02	
246	23.3	11.6	0	2.08	18.9	71.44	
247	19.6	9.8	0	3.33	9.5	68.41	
248	20.6	9.4	0	1.9	21.74	58.76	
249	23.2	3.5	0	2.24	23.72	51.95	
250	25.3	9.7	0	2.63	19.12	62.97	
251	22.3	10.8	0	3.43	22.1	61.52	
252	22.6	9.3	0	3.17	23.18	60.5	
253	24.9	10	0	1.51	21.56	64.48	
254	27.4	11.1	0	1.85	22.07	55.17	
255	25.1	13.3	0	2.92	20.3	64.25	
256	26.5	10.9	0	2.47	20.02	73.58	
257	24.1	18	0.72	2.82	10.26	79.12	
258	19.3	15.5	0.5	3.29	8.1	84.64	
259	21.3	7	0.02	2.57	20.38	58.88	
260	24.8	8	0	2.13	20.84	59.84	
261	22.1	10	0.58	3.59	16.99	69.39	
262	17.8	14.5	1.5	5.38	4.03	87.91	
263	18.4	7.2	0	2.86	16.6	63.41	
264	18.9	4.2	0	2.44	20.95	71.55	
265	18.2	9.3	1.56	4.56	3.24	94.55	
266	16.3	12.1	0	4.58	11.66	74.3	
267	19.2	4.3	0.7	4.77	7.7	68.69	
268	14.8	7.1	0	3.41	12.71	66.89	
269	17.3	1.5	1.72	2.6	12.28	68.41	
270	16.9	12.1	0.12	4.72	12.31	80.54	
271	15	5.6	0	2.4	11.27	77.13	
272	11.7	4.8	0	3.31	9.94	78.46	
273	10.4	0.1	0.08	4.13	9	74.75	
274	9.9	-1	0.22	3.75	8.71	73.31	
275	8.6	-0.1	0.02	3.93	13.28	77.12	
276	10.7	-3	1.18	6.08	6.88	66.53	
277	9	2.9	0.26	4.32	10.37	79.47	
278	8.3	-0.4	0.06	3.37	10.22	78.91	
279	11.3	-2.7	0	1.3	13.46	73.42	
280	15.9	-3.3	0	2.17	17.21	71.25	
281	24.8	3.5	0	3.08	16.81	82.26	
282	24.7	6.8	0	1.07	15.3	80.01	
283	23.8	10	0	1.46	15.19	82.72	
284	22.5	9.1	0	1.79	15.48	79.36	
285	16.4	10	0.02	3.43	13.1	77.3	
286	17.6	1	0	2.19	15.08	72.53	
287	14.7	3.8	3.54	2.96	3.17	90.37	
288	9.9	6.4	0.02	7.56	11.27	73.23	
289	8.4	1.5	0	3.38	9.04	71.79	
290	8.3	-0.9	0	2.02	8.24	75.81	
291	7.3	-0.3	0.26	2.25	3.35	80.1	
292	9.2	4.3	0	2.06	7.74	82.59	
293	18.1	-0.4	0	4.57	11.77	79.49	
294	7.8	6.8	0	4.84	3.13	85.02	
295	3	1.2	0	3.48	8.06	76.77	
296	3.7	-4.3	0.04	2.58	6.08	79.46	
297	8.1	-2.7	0	1.71	10.48	81.12	
298	9.8	3.2	1.46	1.74	5.9	89.43	
299	9	6.8	0.34	1.57	6.77	92.74	
300	7.2	0.6	0.04	1.99	4.18	86.65	
301	7.6	-2.9	0.4	3.43	3.78	83.77	
302	8.3	5.7	0	3.44	6.84	82.44	
303	12.9	2.5	0.02	2.79	9.68	82.57	
304	19.7	4.3	0	4.9	6.62	88.75	
305	9.2	7	1.16	1.98	4.64	86.51	
306	8.3	5.9	1.58	1.18	2.81	96.27	
307	8	6.2	1.71	2.63	1.76	91.76	
308	6	2.9	0	3.81	2.56	96.98	
309	10.7	2.8	0.06	3.46	2.88	92.94	
310	5.4	0.1	0	1.15	5.62	84.85	
311	4.3	-3.2	0	4.81	7.78	72.35	
312	-0.1	-6	0	1.83	7.2	67.44	
313	2.6	-8	0	1.52	9.86	69.18	
314	6.6	-8.1	0.61	1.54	8.82	74.9	
315	9.3	-0.7	0.07	3.9	2.92	96.81	
316	11.7	2.4	0.71	3.1	6.3	94.63	
317	-0.2	-2.1	0.07	10.37	3.02	78.51	
318	2.6	-4.9	0	5.3	3.2	79.03	
319	7.3	-1.8	0.17	1.53	7.24	90.01	
320	4.9	2.6	0.43	1.68	2.63	93.3	
321	5.3	2.6	0	2.07	4.39	94.65	
322	13.4	2.9	1.3	4.86	2.81	95.05	
323	8.8	7.9	0.31	4.26	3.89	96.14	
324	9.2	0.8	0	3.4	9.32	85.77	
325	9.5	3.1	0	3.14	8.96	84.59	
326	6.6	0.7	0	2.79	4.32	93.2	
327	16.8	3	0	3.49	4.32	93.12	
328	12.4	-0.2	0.58	7.3	1.76	90.59	
329	0.5	-3.9	0	4.8	6.55	73.99	
330	5.5	-1.1	0	2.84	7.52	80.58	
331	3.6	-3.1	0.93	1.62	2.27	98.78	
332	3.3	0.2	1.5	3.81	2.02	97.18	
333	0.4	-2.5	0.09	7.57	5.15	84.86	
334	4.5	-1.7	0	6.33	5.08	87.25	
335	-1.4	-3.1	0.21	6.62	3.89	80.16	
336	-6.1	-10.3	0	4.65	3.35	76.23	
337	-1.5	-15.5	0	1.84	5.18	80.24	
338	2.5	-10.6	0	1.94	6.08	85.38	
339	-2.2	-7	0	5.27	4.93	86.25	
340	-3.2	-11.4	0	2.39	3.6	79.38	
341	-3.1	-11.8	0	2.38	7.74	74.72	
342	0	-11.3	0	1.12	5.33	80.36	
343	1.2	-4.7	0	2.1	2.99	90.54	
344	5.1	0.7	1.04	3.36	3.64	95.18	
345	1.9	-1.5	0	5.53	3.96	88.77	
346	-3.3	-5.9	0.3	4.8	5.9	77.83	
347	-1.9	-16.9	0.08	2.56	5.22	74.87	
348	-2.8	-11.6	0.31	3.25	3.06	90.34	
349	-0.9	-3.9	0.06	2.68	3.92	89.66	
350	3.9	-4.1	0.22	4.58	4.18	94.51	
351	-1	-3.3	0.14	5.33	4.32	87.08	
352	-2.5	-6.2	0	4.43	3.92	84.4	
353	-1.8	-4.3	0.06	3.4	4.82	85.77	
354	-3.4	-9.5	0	3.65	5.08	82.79	
355	2.2	-6	0	6.99	6.62	84.02	
356	3	0	0.37	5.49	3.49	92.2	
357	2.8	1	1.18	2.22	2.92	100	
358	1.7	0.5	0	2.36	3.13	95.38	
359	-0.4	-2.6	0	4.02	4.43	86.68	
360	1.9	-2.9	0	5.11	5.72	89.03	
361	3.2	-2.2	0	1.91	6.34	92.76	
362	8.4	-2.9	0	3.34	6.12	93.32	
363	5.2	3.5	1.59	3.39	2.09	97.26	
364	0.5	-0.5	0.07	5.64	3.74	90.4	
365	4.5	-2.3	0	5.89	6.98	85.55	
