elora1998						
1	0.75	-10.25	0.005	8.01	4.28	79.32
2	4.37	-1.27	0.005	6.99	6.16	89.87
3	5.75	2.82	0.211	6.66	4.21	94.78
4	1.96	-2.57	0.542	4.98	3.85	86.3
5	7.78	0.49	0.767	3.09	3.35	100
6	10.4	3.97	0.213	2.84	6.84	97.63
7	4.29	1.02	1.142	5.38	4.5	96.1
8	1.02	-1.43	0.742	7.58	3.17	90.95
9	2.42	-1.89	0.54	5.86	3.74	90.05
10	-0.5	-7.3	0.036	8.16	6.44	74.77
11	-5.95	-9.42	0.004	5.59	4.86	68.85
12	1.54	-10.03	0.225	2.94	5.72	84.71
13	1.52	-10.31	0.318	6.94	2.05	80.32
14	-6.39	-12.56	0.007	3.91	6.88	75.1
15	-2.97	-10.1	0.234	5.23	7.78	89.99
16	-5.79	-11.17	0.018	4.81	6.88	87.53
17	-2.77	-8.89	0.065	3.14	5.22	90.4
18	-1.13	-7.31	0.091	1.85	5.11	89.46
19	-0.83	-7.41	0.036	1.76	5.94	91.02
20	-2.01	-8.63	0.02	2.68	9.18	88.89
21	-3.42	-8.59	0.008	2.13	5.69	85.44
22	-5.56	-7.49	0.046	6.91	9.04	85.54
23	1.08	-4.7	0.277	4.82	4.9	95.9
24	-0.61	-7.55	0.022	2.68	6.44	88.28
25	-1.59	-9.41	0.023	3.7	6.95	83.53
26	-4.01	-7.72	0.042	4.23	5.29	84.99
27	1.12	-6.73	0.012	3.19	6.05	93.52
28	2.77	-5.09	0.001	1.18	9.97	93.92
29	1.99	-3.09	0.257	2.28	4.75	96.83
30	1.19	-7.57	0.085	4.47	6.77	88.49
31	1.29	-7.94	0.002	2.63	6.91	85.8
32	3.18	-4.58	0.001	3.68	10.84	86.08
33	4.39	-1.85	0.002	5.16	8.82	87.88
34	0.61	-7.11	0	3.87	8.46	77.03
35	-1.54	-8.55	0	5.95	8.89	66.74
36	0.28	-7.9	0	5.59	9.76	68.18
37	2.38	-9.32	0	2.51	11.74	78.39
38	1.37	-6.08	0	3.15	12.92	83.66
39	2.43	-7.15	0	2.02	12.53	77.63
40	6.01	-5.58	0	0.74	10.01	69.84
41	7.76	-1.23	0	1.53	12.13	76.12
42	4.5	0.05	0.028	2.25	6.77	91.97
43	4.04	-1.96	0.089	6.03	5.04	87.55
44	-0.23	-6.26	0.018	2.99	8.89	73.2
45	-3.31	-10.61	0	2.71	13.79	56.55
46	0.46	-9.27	0	2.83	9.54	66.2
47	4.06	-5.97	0.035	3.2	10.84	83.92
48	2.88	0.01	1.119	7.99	7.09	93.93
49	2.18	-0.22	0.248	5.1	7.09	96.35
50	4.13	-1.37	0.084	2.25	9.86	92.56
51	3.33	-1.75	0.076	2.29	10.58	90.48
52	3.82	-3.34	0.004	3.34	6.98	83.48
53	3.43	-2.68	0.003	1.72	6.12	85.07
54	4.73	-2.51	0	4.25	12.42	84.11
55	3.85	-2.21	0.002	3.42	10.94	80.1
56	8.2	-2.17	0.001	4.77	13.57	84.84
57	6.67	-2.78	0	3.18	14.58	81.54
58	7.64	-0.62	0.022	4.4	1.15	81.54
59	9.23	-0.47	0.062	1.44	11.16	89.57
60	9	-1	0.154	1.77	13.79	89.29
61	3.1	-1.2	0.036	3.51	6.8	88.43
62	3.6	-1.5	0.053	3.37	7.13	87.7
63	0.9	-2.3	0.1	3.59	7.78	84.54
64	1.5	-2.4	0.017	3.03	11.63	78.73
65	1	-4.7	0.006	1.21	11.05	77.46
66	3.5	-3.5	0.001	1.72	12.78	77.45
67	6.6	-2.7	0.506	6.8	2.74	91.85
68	11.5	-2.6	0.645	6.04	8.21	92.78
69	-7.8	-11.7	0.266	8.21	17.17	63
70	-8.2	-14.9	0.08	5.26	14.08	62.43
71	-5	-15	0.028	5.95	11.66	67.63
72	-0.1	-12.9	0.426	6.39	17.46	72.76
73	-0.3	-4.9	0.504	7.05	9.11	84.45
74	-4.3	-10.2	0.021	3.68	19.91	75.6
75	1.5	-16.3	0.001	2.46	15.37	75.73
76	3.5	-11.9	0.164	3.37	16.24	77.57
77	3.9	-2.5	0.648	4.75	5.33	94.29
78	3.6	-4.3	0.515	3.18	5.26	96.33
79	-0.7	-3.4	0.271	5.87	12.67	87.56
80	-2.6	-4.2	0.837	7.99	9.43	87.73
81	-0.7	-4.7	0.08	3.95	10.3	82.39
82	0.1	-10	0.024	3.74	16.06	77.34
83	2.7	-11.2	0.002	2.08	17.14	75.82
84	8.7	-5.3	0	3.65	17.93	78.44
85	17.3	3.2	0.018	7.05	15.55	93.18
86	21.6	13	0.001	6.7	13.21	87.27
87	21.2	9.3	0.144	6.24	11.63	87.06
88	17.9	7.1	0.026	3.38	18.9	80.55
89	24	8	0.023	6.42	16.09	87.58
90	23.5	14	0.009	4.88	10.84	81.31
91	16.7	3.6	0.3	3.52	15.88	80.17
92	7.4	2.5	0.06	5.34	6.8	83.8
93	8.2	1.9	0.02	2.96	7.96	78.95
94	6.2	-0.1	0	4.93	17.24	72.81
95	8.5	-2.7	0	3.33	24.48	63.34
96	10.9	-4	0	2.78	23.58	61.52
97	14.6	-2.4	0	2.17	22.5	54.75
98	7	3.2	0.54	5.3	6.26	85.18
99	8.8	3.8	0	7.7	7.56	76.63
100	10.5	-0.5	0	3.86	25.09	56.63
101	12.6	-2.3	0	1.89	24.19	55.45
102	19.2	-0.2	0	2.15	21.6	62.32
103	18.8	2.1	0	3.05	18.36	66.75
104	13.1	6.7	0.42	3.06	5.11	92.79
105	12.3	4.7	0	2.78	18.22	75.71
106	16.3	5.4	1.56	3.21	7.67	93.74
107	6.2	1.1	0	5.33	11.45	72.49
108	15	0.6	0	3.64	24.19	63.4
109	11.7	5	0.16	3.32	9.11	81.89
110	15.2	3.4	0	2.99	24.98	63.93
111	17.1	0.2	0	1.33	23.18	54.62
112	18.6	0.8	0	1.53	24.01	51.39
113	19.4	0.5	0	1.97	25.38	51.7
114	18.1	1.9	0	4.34	24.19	57.54
115	12.2	-1.6	0.06	2.25	23.87	54.24
116	11.2	0.7	0	3.82	14.51	60.18
117	10	-3.5	0	3.27	25.92	58.81
118	15	-2.2	0	1.31	26.68	54.4
119	17.5	-0.8	0	1.49	20.02	51.18
120	21.4	3.9	0	1.14	22.32	67.48
121	19.2	8.8	0	2.05	7.27	85.73
122	18.7	11.3	0.04	2.74	12.2	87.54
123	21.2	11	0	1.87	16.13	75.82
124	17.4	7.3	0	1.69	13.68	84.62
125	20.7	11.1	0.02	1.38	15.16	74.36
126	25	3.3	0	0.96	22.5	65.18
127	23.3	7.8	0	3.55	23.72	71.91
128	21	13.1	0	4.81	13.32	84.65
129	21.8	11.4	0	3.91	23.58	69.38
130	17.5	10.9	1.46	4.05	8.71	86.82
131	15.7	8	0.16	3.74	6.95	89.01
132	16.2	6.5	0	3.35	12.24	78.82
133	21.7	11.1	0	2.95	24.26	72.14
134	28.3	8.1	0	1.27	23.36	63.29
135	30.7	11	0	1.2	25.42	53.71
136	28.6	14.2	0	3.47	19.87	67.47
137	24.5	11.9	0.04	3.77	29.66	52.55
138	28.2	10	0	2.51	24.98	57.26
139	30.5	14.9	0.78	3.69	24.48	63.77
140	25.4	13.3	0	3.89	29.34	59.53
141	12.9	5.4	0	4.4	19.62	59.93
142	16.4	2.5	0	2.34	29.74	50.88
143	20.9	1.9	0	1.29	30.82	42.89
144	23.2	3.5	0.18	1.8	25.92	42.55
145	18.8	11	0.98	1.88	2.59	74.73
146	21.3	9	0	2.88	28.62	54.83
147	25.3	4.8	0	1.33	27.5	47.83
148	27	9.9	0	4.54	22.36	54.14
149	28.9	14.7	0	4.33	22.36	71.83
150	25.6	6	0.1	2.17	30.74	47.13
151	26.4	14.6	0.26	6.41	12.06	75.19
152	18	4	0.08	3.47	26.75	47.62
153	24.9	6.2	0.36	6.08	20.92	60.79
154	13.1	0.8	0	3.84	17.93	57.56
155	16.3	-1	0	3.65	24.05	49.17
156	14.7	-0.1	0	2.68	14.8	50.05
157	14.6	1.6	0	3.79	25.49	52.65
158	15.5	4	0	3.44	18.11	60.99
159	19.9	3.4	0	3.24	22.25	56
160	22.8	3.1	0	1.61	22.07	50.65
161	18.3	7.6	0	2.72	13.72	71.25
162	24.2	11.5	1.3	2.05	11.56	78.32
163	27.8	12.3	0.56	5.77	24.41	69.46
164	24.4	15	0	2.61	15.88	80.66
165	23.7	11.9	0	1.66	16.56	68.92
166	25.4	11	0.04	1.24	20.3	65.12
167	23.7	14	1.52	2.32	20.34	78.8
168	24.1	13.6	0.04	3.19	19.15	71.42
169	27.4	11.4	0	2.44	26.64	60.98
170	26.1	12.3	0	1.54	13.14	64.35
171	29.6	15.8	0	2.36	29.59	56.38
172	31.4	13.7	0	1.77	25.96	54.16
173	32.1	18.5	0.24	2.13	30.67	57.24
174	27.3	14.9	0.02	1.04	23.62	76.01
175	31.2	12.5	0	1.91	27.07	53.45
176	33.3	19	1.54	3.93	23.26	70.58
177	27.8	16.5	0	4.67	24.08	70.93
178	26.7	15.1	0.02	2.03	14.4	59.2
179	27.6	14.7	0.12	2.19	16.2	58.75
180	31.4	14.6	0.64	4.02	30.38	51.39
181	23.5	12.9	0.16	3.45	18.79	76.82
182	26.28	14.5	0.04	4.02	29.66	51.35
183	28.63	12.46	0.001	2.31	31.46	46.86
184	30.57	15.3	0.06	2.53	25.6	53.44
185	24.66	16.13	1.085	2.75	17.06	76.8
186	26.26	13.07	0.077	2.08	31.68	50.59
187	26.85	15.75	0.462	1.68	12.64	58.65
188	23.15	17.27	1.611	1.98	9.76	89.49
189	26.2	17.59	1.216	1.78	18.04	80.67
190	28.75	15.47	0.246	2.29	29.41	63.61
191	24.92	13.73	0.005	3.64	31.68	53.15
192	26.92	12.15	0.001	2.69	30.92	50.11
193	27.81	13.47	0.004	1.62	25.96	50.1
194	29.73	16.14	0	2.46	29.41	51.59
195	32.04	17.2	0.001	2.66	29.02	56.44
196	31.98	20.95	0.021	2.31	27.5	64.18
197	30.21	20.42	0.39	2.61	22.5	68.28
198	26.55	15.76	0.276	2.8	19.15	66.97
199	26.74	13.24	0.008	2.07	26.71	54.12
200	28.85	16.14	0.425	3.45	12.42	61.23
201	31.47	18.25	0.109	2.76	27.07	57.59
202	29.73	21.43	0.637	4.7	19.62	73.76
203	29.9	19.15	0.604	3.24	18.29	70.56
204	27.51	16.43	0.437	3.63	22.46	63.73
205	23.89	13.17	0.002	2.73	21.28	56.22
206	23.32	13.51	0.006	0.98	18.32	58.95
207	26.61	14.04	0	1.42	25.81	53.48
208	27.73	16.25	0.129	4.87	12.49	61.08
209	29.74	15.1	0.016	3.92	23.76	58.51
210	27.27	16.28	0.098	3.69	25.52	55.99
211	25.98	15.45	0.018	2.41	13.03	57.92
212	26.24	13.24	0.006	2.23	23.4	54.07
213	27.2	7.2	0	1.15	26.28	44.71
214	29.6	6.6	0	1.05	25.67	43.9
215	29.1	11.8	0	0.98	20.77	49.16
216	29.8	14.8	0.02	1.15	19.58	56.12
217	25.7	15.2	0.42	1.41	6.41	75.11
218	21	13.6	2.54	2.41	3.82	83.24
219	25.4	13.1	0.16	1.87	10.51	73.15
220	31.8	16.3	0	2.04	20.41	59.71
221	29.8	17.1	0.94	2.87	14.98	71.31
222	27.8	16.2	0	1.85	12.6	83.36
223	25.2	14.8	0.02	3.13	16.31	67.78
224	26	11.6	0	2.01	28.12	53.81
225	26.3	9	0	1.81	26.42	49.99
226	28	10.6	0	1.75	25.88	56.32
227	26.4	11.7	0	3.19	18.22	63.15
228	26.9	10.5	0	1.77	25.92	59.37
229	29.1	10.9	0.06	1.91	21.85	62.44
230	19.8	13.8	0	3.49	20.38	61.97
231	23.4	4.3	0	2.06	27.43	47.39
232	27.3	4.9	0	2.69	23.22	45.82
233	29.5	13.9	0	1.3	17.42	62.92
234	29.7	16.2	0.02	1.61	20.99	69.42
235	29.2	14.3	0.2	4.13	10.55	67.89
236	30.5	20.8	0	5.39	18.25	63.14
237	27	15.6	0.02	2.98	15.19	70.6
238	27.8	13.2	0	2.03	21.46	60.75
239	31.6	9.8	0	1.43	24.59	49.45
240	28.6	11.1	0.1	2.01	11.7	54.88
241	28.1	14.4	0	2.95	18	66.18
242	26	7	0	1.81	17.75	54.83
243	24.6	8	0	2.65	20.2	57.34
244	26.3	4.8	0.2	1.68	20.12	57.6
245	22.8	11.3	0.06	3.36	17.5	61.9
246	21.7	8.7	0.04	2.15	13.9	60.78
247	22.4	8.1	0	2.43	19.01	54.78
248	29.2	4.2	0	3.22	23.44	55.68
249	31.5	14.5	0.12	4.05	20.3	66.36
250	23.3	12.9	0.08	3.45	17.75	66.06
251	17.4	5.5	0.36	3.71	13.57	65.95
252	18.4	7.1	0.02	3.81	17.39	65.69
253	23.6	3.2	0	2.38	20.34	58.66
254	28.6	8.8	0	3.95	19.44	55.04
255	26.9	13.2	0	3.02	16.52	62.49
256	27.4	9.2	0	1.43	14.9	68.05
257	29.6	11.8	0.36	1.66	9.76	68.87
258	26.1	11.9	0.1	2.96	6.34	75.81
259	25.1	12.7	0	2.89	16.96	70.77
260	27	6.2	0	0.86	21.56	50.91
261	29.2	6	0	1.38	21.49	48.24
262	29.1	9	0	1.88	18.72	60.28
263	29.2	9.8	0	2.79	14.04	68.75
264	26.6	17.2	0.04	3.75	16.96	62.94
265	16.4	10.6	0	2.98	7.09	62.63
266	16.5	-1	0	1.45	16.78	51.91
267	19.7	0.4	0	3.09	8.89	53.27
268	24.8	10.4	0	2.72	14.69	66.82
269	29.8	8	0.82	4.42	9.11	75.08
270	24.3	13.1	0.02	5.18	6.88	73.37
271	18.4	5.8	0	3.06	15.66	55.56
272	22.7	1.6	0.02	2.28	13.61	56.28
273	22.4	10.3	1.04	2.02	16.24	64.71
274	12.7	4.8	0.02	5.06	15.3	55.72
275	12.3	0.2	0	3.7	8.82	62.1
276	12.3	2.1	0	1.53	8.82	67.28
277	16.3	-0.1	0	3.03	18.47	61.09
278	16.6	0.4	0	3.99	14.83	66.96
279	19.4	6	0.04	4.48	15.48	64.15
280	20.3	9.9	0.7	4.1	2.84	87.58
281	15.2	8.3	0	3.04	7.85	76.28
282	17.4	1.5	0.02	1.91	15.62	68.68
283	17.2	1.7	0	2.29	14.76	63.64
284	22.1	4.7	0	2.02	15.66	65.89
285	19.8	4.1	0.02	2.12	13.5	76.02
286	16.9	4	0.48	3.84	9.54	73.43
287	10.3	4	0	3.88	6.23	83.36
288	12.2	3	0	1.52	9.14	70.99
289	19.4	-1.4	0	1.72	14.83	67.82
290	23.1	4	0	3.23	5.36	68.63
291	21	13.7	0.18	6.09	4.82	75.98
292	14.9	8.2	0	4.57	10.01	66.31
293	11	2	0.04	4.59	9.43	65.56
294	7.4	1.6	0	3.74	7.88	75.51
295	9.5	-0.1	0.02	3.13	9.94	71.17
296	17.2	-1.2	0	4.66	13.54	67.13
297	19.2	4.9	0	4.91	13.46	59.36
298	19.8	2.1	0	2.19	12.64	68.91
299	14.3	4.2	0	1.35	6.84	81.53
300	22.3	3.2	0	2.94	10.91	77.58
301	16.9	11	0.02	4.04	9.11	75
302	12.8	-2.1	0	1.89	12.71	69.81
303	15.2	-4.1	0	1.66	12.49	70.2
304	13.7	-1.7	0	2.35	12.31	59.11
305	11.93	2.18	0	2.48	9.97	65.4
306	8.44	-1.94	0.001	2.77	7.67	76.16
307	7.11	-3.25	0.001	2.69	11.16	68.78
308	5.62	-3.7	0.007	2.57	9.36	76.81
309	5.23	-1.83	0.031	2.08	5.8	80.91
310	6.27	-2.33	0.04	2.62	6.7	79.41
311	8.34	1.05	0.117	3.06	6.01	84.62
312	6.06	1.1	0.138	0.74	5.04	88.82
313	8.31	1.29	0.055	1.55	6.05	81.29
314	15.36	3.61	1.384	6.53	1.87	85.11
315	8.51	1.31	0.172	9.19	3.35	59.13
316	9.56	-0.32	0.028	5.24	8.82	73.24
317	5.45	-2.96	0.002	2.19	7.63	63.64
318	10.11	1	0.041	3.88	5.69	82.3
319	7.21	0.51	0.02	5.13	4.21	73.33
320	5.83	-0.28	0.48	2.12	2.27	91.3
321	5.61	-0.16	0.106	3.01	2.81	83.19
322	9.12	-0.97	0.005	1.99	6.3	83.34
323	13.33	2.34	0.016	5.24	4.57	80.56
324	5.03	-0.01	0.072	3.87	2.2	78.65
325	4.35	-3.52	0.186	3.61	3.82	80.84
326	5.96	-3.27	0.003	4.9	7.16	77.67
327	11.79	5.48	0.004	7.15	5.33	70.1
328	8.25	-1.16	0.02	4.34	5.83	78.62
329	7.9	-1.04	0.431	2.58	5	83.62
330	7.42	2.31	0.339	4.51	3.17	88.06
331	6.97	-0.87	0.005	3.52	2.99	86.6
332	12.56	2.01	0.002	2.73	8.03	92.33
333	12.73	4.48	0.015	2.77	2.2	96.1
334	16.09	9.71	0.321	7.54	4.57	78.05
335	9.25	3.66	0.115	6	7.74	71.25
336	13.82	5.24	0	5.47	8.24	75.79
337	12.7	6.13	0.001	4.49	3.13	91.51
338	13.8	7.9	0.042	2.66	5.72	84.15
339	9	0.1	0.515	3.27	2.74	93.23
340	15.89	2.9	0.396	5.38	1.8	96.53
341	14.3	-1.99	1.581	4.1	5	78.63
342	5.09	-2.7	0.005	2.38	3.89	83.87
343	5.3	-2.38	0.003	2.98	7.85	79.35
344	4.4	-1.8	0.009	4.55	5.65	81.77
345	3.5	-2.2	0.004	3.75	6.08	80.37
346	6.7	-2.1	0	4.32	7.85	71.77
347	6.1	-3.6	0	3.02	7.45	85.86
348	2.9	-7.6	0.001	2.36	7.16	80.35
349	7.2	-1.2	0.007	5.56	7.74	82.49
350	4.5	-4.1	0.111	1.38	5.87	91.87
351	0.2	-2.6	0.311	2.31	6.05	86.94
352	4	-10.9	0.131	3.24	4.39	74.73
353	3.9	-4.7	0.579	5.15	3.46	91.54
354	6.3	-5	0.059	3.08	5.29	86.79
355	6.1	-6.3	1.414	3.07	3.38	99.17
356	-6.8	-12.1	0.394	6.91	4.18	78.53
357	-8.4	-16.4	0.017	4.23	5.51	69.64
358	-6.4	-12.1	0.038	5.39	6.41	74.05
359	-3.9	-13.2	0.003	5.04	7.16	75.91
360	-3	-5.8	0.504	5.05	4.25	80.07
361	1.9	-14.7	0.006	4.95	4.43	91.43
362	1.8	-5.5	0.006	1.92	8.32	84.82
363	1.9	-6	0.223	4.47	4.72	95.44
364	-10.3	-17.5	0.073	5.35	4.54	74.32
365	-8.8	-15.3	0.192	5.26	5.04	78.28
