Elora1987						
1	-0.7	-1.6	0	3.85	4.572	76.69
2	-2.2	-4.5	0.42	3.85	4.716	79.75
3	-4.9	-7.8	0	3.85	5.076	76.21
4	0.3	-15.9	0	3.85	5.976	78.99
5	0.4	-11.3	0	3.85	7.128	81.24
6	3.3	-9.6	0	3.85	4.86	75.98
7	0.3	-2.3	0	3.85	5.58	82.37
8	-2.3	-5.4	0.04	3.85	6.3	74.18
9	-2.1	-3.1	0	3.85	6.444	74.61
10	0.4	-3.6	1	3.85	4.284	87.61
11	-1.5	-5.5	0	3.85	4.356	80.47
12	0.3	-3.3	0	3.85	3.492	79
13	0.6	-1.1	0	3.85	7.308	80.54
14	2.8	-7	0	3.85	7.488	83.16
15	1.1	0.4	0.32	3.85	4.896	88.4
16	-5.1	-8.9	0	3.85	7.056	74.14
17	-4.8	-14.5	0	3.85	8.136	76.98
18	-2.2	-6.5	0	3.85	5.94	86.85
19	-6.3	-11.1	1.58	3.85	3.132	84.47
20	-4.5	-22.9	0.4	3.85	8.532	76.9
21	-6.1	-10.3	0	3.85	8.028	76.99
22	-4	-14.3	0.18	3.85	5.58	84.98
23	-12.4	-16.5	0	3.85	7.74	85.08
24	-14.5	-18.5	0	3.85	7.524	57.43
25	-10.4	-20.3	0	3.85	10.836	64.56
26	-9.5	-19.4	0	3.85	11.052	71.94
27	-8	-20.2	0.02	3.85	9.324	76.88
28	-4.1	-15.1	0	3.85	6.588	82.28
29	-2.9	-8.2	0	3.85	9.036	77.85
30	-0.6	-6.9	1.16	3.85	5.04	85.94
31	-5.7	-7	0	3.7	11.412	77.78
32	1.2	-11.1	0	3.7	9.504	84.5
33	0.5	-3.7	0.54	3.7	9.576	82.97
34	0.9	-1.5	0	3.7	5.436	84.14
35	-2.9	-5.7	0.3	3.7	4.212	73.92
36	-4	-9.4	0	3.7	8.928	78.54
37	1.6	-11.8	0	3.7	6.588	81.58
38	1.7	-3.8	0	3.7	8.064	79.85
39	1.1	-9.6	0.1	3.7	6.048	87.67
40	-5.8	-17.5	0	3.7	9.576	68.4
41	-1.1	-13.3	0	3.7	9.108	75.08
42	-1.6	-11.8	0	3.7	8.208	74.12
43	1.1	-9.2	0.06	3.7	6.66	84.2
44	-11.3	-16.5	0	3.7	7.74	67.77
45	-11.9	-17.7	0	3.7	7.992	68.18
46	-15.7	-28	0	3.7	3.24	62.48
47	-9.8	-24.8	0	3.7	8.316	72.52
48	-4.9	-16.5	0	3.7	7.992	70.64
49	-3.6	-13.1	0	3.7	13.824	70.13
50	-1.7	-17.2	0	3.7	13.176	69.38
51	-0.1	-17.1	0	3.7	10.764	75.27
52	1.1	-15.2	0	3.7	10.404	77.03
53	0.6	-11.5	0	3.7	6.912	81.58
54	0.8	-6.9	0	3.7	14.976	82.6
55	-2.8	-11.5	0	3.7	15.012	71.14
56	-0.7	-14.2	0	3.7	16.092	67.8
57	0.3	-11.6	0	3.7	10.224	62.63
58	1.1	-9.8	0	3.7	11.484	63.77
59	0.9	-3.3	0.56	3.61	5.724	82.26
60	2.1	-0.2	1	3.61	7.164	89.67
61	-2	-3.9	0.12	3.61	6.372	81.11
62	0	-9.1	0.04	3.61	6.228	69.49
63	-3.6	-12	0	3.61	7.92	69.47
64	3.7	-8.9	0	3.61	15.912	69.09
65	6.3	-8.2	0	3.61	9	78.55
66	8.7	0.9	0	3.61	7.812	81.27
67	13.1	-1.9	0	3.61	11.448	82.98
68	-8.3	-10.3	0	3.61	8.1	79.81
69	-7.8	-17.7	0	3.61	11.592	57.2
70	-3.6	-15.1	0	3.61	13.284	52.85
71	-1.7	-7.9	0	3.61	13.32	59.97
72	-1.1	-9.3	0	3.61	11.664	65.68
73	0.1	-9.8	0	3.61	6.984	60.72
74	1	-7.2	0	3.61	18.9	52.74
75	0.9	-7.8	0	3.61	15.48	47.74
76	2.9	-9.1	0	3.61	14.148	50.74
77	10.2	-7.1	0	3.61	15.912	53.79
78	6.1	-3.1	0	3.61	17.388	60.09
79	5	-2.6	0	3.61	16.128	70.76
80	6	-3.2	0	3.61	18.684	77.9
81	12.5	0.4	0	3.61	20.484	75.89
82	13.3	0.6	0	3.61	21.312	78.72
83	15.2	1.4	0	3.61	21.24	71.1
84	12.5	3.9	0	3.61	8.064	76.72
85	6.4	3.8	1.5	3.61	4.284	85.56
86	8	0.7	0	3.61	7.92	88.12
87	11.6	2.5	0	3.61	12.96	85.06
88	15.8	3	2.1	3.61	16.596	80.07
89	3.3	-0.3	0	3.61	5.472	91.89
90	-3.8	-6.5	2.6	3.6	2.808	73.77
91	0.6	-10	0	3.6	5.256	78.89
92	0.5	-2.5	0.02	3.6	4.14	74.38
93	2.2	-8.9	0	3.6	6.948	69.67
94	5.8	-3.7	0.46	3.6	4.5	80.86
95	6.8	1.6	0.52	3.6	3.816	85.53
96	11.7	5.3	0.18	3.6	13.536	85.39
97	14.4	4.3	0.02	3.6	22.752	79.53
98	11.1	-0.2	0	3.6	22.752	82.09
99	13.6	1	0	3.6	24.156	80.65
100	20.3	2.6	0	3.6	22.248	76.02
101	17.9	4.6	0.04	3.6	17.316	71.6
102	8	2.4	1.1	3.6	6.588	83.57
103	17.4	3.2	0	3.6	22.932	80.19
104	15.4	5.3	0.36	3.6	8.244	78.18
105	14.2	8	0.02	3.6	9.612	83.88
106	14.1	5.9	0	3.6	14.508	81.28
107	16.7	7.6	0.02	3.6	19.368	87.12
108	20.1	6.4	0.02	3.6	21.096	85.47
109	23.2	7.1	0	3.6	23.724	81.28
110	26.3	6	0	3.6	24.3	80.56
111	25.1	9.7	0	3.6	20.916	78.54
112	11.8	4.7	0.08	3.6	15.66	71.93
113	13.4	7.8	0.22	3.6	5.796	88.27
114	11.3	5	0	3.6	21.852	66.93
115	12.5	0.1	0	3.6	25.416	49.95
116	14.6	4.8	0	3.6	25.92	46.39
117	15.1	1.3	0.48	3.6	9.144	63.4
118	5.4	1	0.08	3.6	8.604	76.5
119	14.3	-0.7	0	3.6	24.048	55.1
120	7.8	1.1	0	3.13	20.196	58.24
121	13.8	-3.5	0	3.13	26.316	44.96
122	15.1	0.1	0	3.13	27.144	49.95
123	12.9	1.2	0	3.13	22.104	41.18
124	13.6	1.2	0	3.13	27.936	41.04
125	18.1	-0.2	0	3.13	27.648	43.19
126	20.9	3.9	0	3.13	28.368	50.61
127	14.7	4.2	0	3.13	27.324	50.15
128	16.9	-0.3	0	3.13	28.8	49.67
129	25.8	4.5	0.02	3.13	26.82	34.37
130	25.2	13.1	0.04	3.13	23.652	44.04
131	26.7	8.2	0.1	3.13	18.684	46.29
132	14.3	4.6	0.02	3.13	28.944	57.23
133	18.8	2.5	0	3.13	30.06	42
134	26.6	6.2	2.48	3.13	17.46	71.8
135	14.4	6.7	0	3.13	28.8	67.33
136	20.1	1.8	0	3.13	27.072	58.39
137	27.6	9.8	0.2	3.13	28.008	48.91
138	11.4	7.6	0.14	3.13	3.096	64.01
139	14.2	8	0.46	3.13	19.332	55.7
140	14.4	10.4	0	3.13	6.48	82.05
141	23.6	11.3	0.06	3.13	19.188	79.68
142	26.7	15.4	0.14	3.13	18.648	79.61
143	14.7	11.2	0	3.13	10.404	83.98
144	11.2	5.1	0	3.13	11.052	80.11
145	15.1	9	0.58	3.13	11.412	76.57
146	19.8	9.9	0.08	3.13	10.404	83.24
147	29.8	12.1	0	3.13	24.3	82.17
148	30.7	16.1	0	3.13	23.112	79.29
149	30.6	17.5	0	3.13	24.516	74.84
150	31	15.5	0.08	3.13	25.668	76.75
151	27.3	17.6	0.02	2.61	14.724	84.55
152	26.4	13.9	0.46	2.61	16.632	78.14
153	27.1	15.1	0.02	2.61	19.476	77.64
154	24.8	16.8	0	2.61	23.58	77.52
155	18.2	9.2	0	2.61	30.348	67.15
156	18.2	5.5	0.1	2.61	12.888	68.43
157	18.7	5	0.62	2.61	17.928	63.54
158	28.4	10.7	0.28	2.61	18.72	66.62
159	25.1	17.6	0	2.61	19.944	69.47
160	13.7	8.9	0	2.61	10.044	72.65
161	19.9	4.6	0	2.61	29.592	56.95
162	20	5.3	0.34	2.61	11.88	52.53
163	28.2	13.8	0.02	2.61	20.916	78
164	25.7	13.6	0	2.61	24.948	78.59
165	33	13.2	0	2.61	29.268	71.26
166	27.3	13.9	0	2.61	31.356	62.86
167	28.4	11.8	0	2.61	30.528	62.19
168	24.8	9.9	0	2.61	30.636	59.49
169	28.9	9.1	0	2.61	28.368	50.53
170	31.7	13.1	0	2.61	23.94	54.94
171	24.9	18	0	2.61	17.82	61
172	24.6	14.1	4.54	2.61	12.096	67.61
173	21	14.5	0.96	2.61	2.304	86.25
174	27.4	14.8	0.02	2.61	31.14	56.68
175	28.6	14.5	0	2.61	27.468	54.36
176	28	14.8	0.34	2.61	28.116	57.08
177	23.5	17.3	0	2.61	21.78	73.77
178	21.3	12.3	0.12	2.61	21.384	62.68
179	21.3	11.1	0	2.61	22.68	61.87
180	25.2	12.7	0	2.61	17.316	60.61
181	23.7	15	0	2.4	21.42	71.17
182	23.2	10.9	0	2.4	20.34	59.39
183	22.2	13.3	0	2.4	14.94	75.49
184	24.1	13.6	2.02	2.4	11.412	81.06
185	22.3	12.9	0	2.4	19.116	74.55
186	24.9	11.9	0.1	2.4	24.876	65.12
187	27.9	16.1	0	2.4	14.94	79.86
188	27.4	17.5	2.76	2.4	12.996	80.92
189	28.8	17.5	0.4	2.4	23.004	82.8
190	29.1	18.2	0	2.4	22.14	79.33
191	29	19.4	1.18	2.4	19.476	77.92
192	30.5	19.2	0	2.4	23.832	84.46
193	30.6	20.8	0	2.4	21.888	80.13
194	27.1	21	1.92	2.4	19.548	81.56
195	17.5	12.1	0	2.4	11.268	73.77
196	19.9	7.7	0	2.4	21.636	68.24
197	19.7	11.3	0	2.4	24.732	60.07
198	24.7	7.6	0	2.4	24.624	66.36
199	29.1	13.8	0	2.4	23.796	67.75
200	29.1	17	2.08	2.4	21.24	69.55
201	28.5	18	0.06	2.4	26.568	65.46
202	28.4	17.9	0	2.4	27.288	71.71
203	29.6	16.8	0	2.4	25.884	79.02
204	29.9	18.7	0	2.4	19.548	74.23
205	30.4	19.2	2.52	2.4	20.628	69.53
206	28.6	18.7	0	2.4	25.488	77.47
207	25.8	17.8	0	2.4	25.956	66.08
208	24.2	11.9	0	2.4	25.2	59.45
209	24.1	11.2	0	2.4	29.088	56.51
210	25.9	10.1	0	2.4	24.912	56.08
211	28.8	15.1	0	2.4	23.076	65.6
212	24.4	13.4	0	2.19	25.2	54.61
213	24	12.1	0	2.19	10.98	59.32
214	23.4	16.3	3.58	2.19	1.62	78.96
215	28	19.1	0	2.19	21.672	75.65
216	26.8	14.6	0	2.19	17.676	69.52
217	21.4	12	0	2.19	16.776	62.66
218	23	10.6	0	2.19	21.96	64.43
219	26.1	10.6	0.06	2.19	13.68	66.43
220	23	13.2	2.22	2.19	13.248	61.78
221	17.1	14.1	0.78	2.19	2.088	83.3
222	24.4	13	0	2.19	22.032	71.25
223	23.5	13.2	0	2.19	25.812	71.7
224	23.9	9.6	0	2.19	27.36	68.68
225	26.8	14.7	0	2.19	19.008	70.06
226	28.2	17.1	0	2.19	15.516	74.82
227	29.3	20.3	0	2.19	20.664	56.73
228	30.2	18.8	0.22	2.19	17.532	60.75
229	26.1	20.2	0.02	2.19	10.98	71.57
230	24.6	12.7	0.08	2.19	25.236	63.94
231	23.8	13.8	0.02	2.19	21.888	61.81
232	22	8.6	0	2.19	23.616	65.96
233	25.6	9.5	0.28	2.19	15.84	51.66
234	23.3	18.4	0.02	2.19	15.66	67.45
235	17.5	7.8	0.06	2.19	19.26	56.8
236	17.7	4.1	0	2.19	20.16	58.44
237	21.1	4.8	0	2.19	19.332	56.76
238	17.8	7.5	0.34	2.19	6.3	69.04
239	18.5	12.6	0	2.19	13.32	76.5
240	16.9	12.7	0.3	2.19	4.212	68.88
241	21.3	11.1	0.02	2.19	14.292	55.33
242	23.1	7	0.06	2.19	12.528	62.34
243	21.8	14.9	0.08	2.5	10.728	66.12
244	16.8	7.4	0.1	2.5	12.132	57.58
245	17.7	10.4	0.02	2.5	18.9	61.32
246	18.6	3.5	0	2.5	22.14	60.8
247	21.2	4.4	0	2.5	24.408	54.29
248	24.1	8.2	0.02	2.5	17.172	51.6
249	20.8	10.5	0	2.5	6.624	67.32
250	26	15.6	0	2.5	13.644	74.42
251	23	16	0	2.5	9.144	87.26
252	23	15	0	2.5	12.924	81.09
253	25	9	0	2.5	18.288	70.39
254	18.2	12	1.44	2.5	6.372	78.97
255	20.7	17.2	0.4	2.5	4.464	83.49
256	22.4	15.4	0.02	2.5	11.772	74.9
257	20.2	7.7	0	2.5	16.812	68.45
258	20.3	6.6	0	2.5	14.436	72.26
259	21.7	9.8	0.22	2.5	11.304	79.41
260	15.9	13.9	2.24	2.5	5.004	85.81
261	12.8	10.1	0.08	2.5	5.472	84.57
262	14.4	11.9	0.22	2.5	3.384	87.16
263	21.4	12.5	0.86	2.5	14.22	72.62
264	18.7	11.1	0.34	2.5	15.192	83.12
265	17.9	9.5	0.18	2.5	12.42	80.11
266	19.3	8	0	2.5	14.112	71.7
267	14.9	6.7	0.02	2.5	15.732	69.13
268	14.2	2.8	0	2.5	17.676	61.39
269	19.1	3.6	0	2.5	16.02	55.95
270	20.2	7.4	0.02	2.5	8.496	57.62
271	26	11.9	0	2.5	16.596	48.6
272	21.1	15.6	0.78	2.5	6.048	69.29
273	14.6	9	0.16	2.87	8.784	78.39
274	13.1	3.5	0.12	2.87	12.024	66.47
275	13.9	8.5	0.28	2.87	7.848	59.89
276	5.8	1.7	0	2.87	10.296	70.46
277	12.9	-3	0	2.87	14.904	52.24
278	18.6	3	0.14	2.87	16.452	37.47
279	15.9	9	0.44	2.87	8.496	47.91
280	7.1	4.7	1.12	2.87	5.256	79.97
281	5.8	2.1	0	2.87	8.856	72.49
282	11.9	0.8	0.02	2.87	7.2	57.44
283	6.5	3.4	0.04	2.87	9.072	67.87
284	6.8	0.4	0	2.87	7.884	77.11
285	8.4	2	0.02	2.87	10.62	72.09
286	11.6	-2.7	0.02	2.87	16.452	60.86
287	15	-1.8	0	2.87	15.264	54.07
288	16.6	3.2	0	2.87	9.072	46.8
289	19	2.9	0	2.87	14.4	43.2
290	13.1	5.6	0.28	2.87	3.744	58
291	12	7.2	0.02	2.87	8.46	73.06
292	12.7	0.6	0.02	2.87	7.308	71.53
293	6.8	2.6	0.16	2.87	2.916	79.72
294	5.6	1.6	0.26	2.87	13.32	84.02
295	7.8	-2.4	1.08	2.87	8.316	83.13
296	7.6	0.1	0.02	2.87	5.472	81.87
297	7.3	-1.2	1.94	2.87	2.7	84.13
298	6.6	0	0	2.87	10.476	77.81
299	9.7	-4.8	0.96	2.87	13.068	77.68
300	8.6	2.7	0.8	2.87	2.196	80.42
301	7.9	-1.7	0.1	2.87	8.568	84.99
302	5.9	-0.8	0.06	2.87	6.804	83.69
303	12	-1.7	0.02	2.87	8.388	75.44
304	10.3	0.5	0.02	3.27	10.764	73.1
305	9.1	-0.3	0	3.27	5.796	75.12
306	13.4	5	0.2	3.27	6.588	79.4
307	19.8	6.9	0	3.27	7.704	73.47
308	16.6	12.4	0	3.27	8.82	66.09
309	5.9	1.5	0.8	3.27	7.272	73.91
310	2.4	-7.9	0	3.27	4.716	62.82
311	7.1	-2.5	0	3.27	7.632	66.15
312	9.2	0.6	1	3.27	2.628	71.56
313	2.8	-0.9	0	3.27	6.696	79.73
314	-0.5	-6.3	0	3.27	10.224	65.68
315	1.1	-7.9	0	3.27	9.072	65.41
316	5.3	-2.3	0	3.27	4.968	67.27
317	10	-1.4	0	3.27	8.244	57.8
318	8.8	0.6	0	3.27	9.54	71.84
319	9.1	-2	0.04	3.27	8.28	80.79
320	13.6	0.5	0	3.27	9.972	74.84
321	14.4	6	0	3.27	2.376	79.66
322	5.4	2	0.8	3.27	4.176	79
323	5.3	-0.7	0	3.27	7.164	74.9
324	-4.5	-6.4	0	3.27	5.436	67.33
325	-6.5	-13.8	0	3.27	4.248	63.44
326	1.3	-13.8	0	3.27	4.716	56.58
327	8.6	-1.7	0	3.27	3.024	63.83
328	4.1	3.2	0	3.27	3.06	77.26
329	0.3	-0.4	3.64	3.27	1.8	88.56
330	0	-3.9	0	3.27	5.832	80.68
331	1	-2.8	0	3.27	3.492	74.81
332	4.4	-1.5	0	3.27	4.788	83.55
333	6.4	1.1	1	3.27	2.484	90.33
334	2.8	0.6	0.2	3.7	2.376	82.06
335	-0.9	-1.9	0	3.7	4.572	79.27
336	-2.1	-5.6	0	3.7	4.5	70
337	-1.2	-3.9	0.22	3.7	3.528	83.02
338	-1.7	-4.9	0	3.7	7.992	80.95
339	-1.4	-5	0	3.7	3.312	74.26
340	0.3	-3.9	0	3.7	6.768	71.67
341	0.5	-10.6	0.06	3.7	6.12	71.6
342	5.5	-3.2	0.3	3.7	3.168	88.01
343	10.1	2.2	0.64	3.7	3.6	88.65
344	3.6	2.6	0	3.7	2.844	78.03
345	4.3	-1.1	0.2	3.7	4.716	83.82
346	4.2	-0.2	0.3	3.7	2.916	82.78
347	0.6	-1.9	0	3.7	2.664	75.77
348	-0.7	-1.3	0	3.7	2.88	75.33
349	0.6	-5.7	2.72	3.7	0.216	79.38
350	-1.5	-3.8	0	3.7	1.98	79.6
351	-3.9	-8.9	0	3.7	2.664	75.64
352	-0.9	-11.5	0	3.7	2.196	78.38
353	1.9	-4.4	0	3.7	2.016	80.26
354	4.6	-1.4	1.98	3.7	2.34	84.02
355	1.2	-2	0	3.7	7.452	74.97
356	1.9	-3.3	0	3.7	5.832	87.18
357	0.9	-0.9	0	3.7	4.068	84.13
358	4.8	-2.2	0.66	3.7	3.636	89.76
359	2.4	0.7	0	3.7	3.528	87.86
360	-3.4	-4.7	0	3.7	7.524	77.94
361	-0.6	-7.8	0	3.7	5.688	70.17
362	-5.6	-7.8	0	3.7	4.068	73.58
363	-10.3	-11.8	0	3.7	6.444	70.59
364	-0.5	-15.2	0	3.7	6.156	60.9
365	1.7	-9.4	0	3.7	2.34	75.78
